0.000000 0.00
0.010000 0.07
0.020000 0.28
0.030000 0.63
0.040000 1.12
0.050000 1.75
0.060000 2.51
0.070000 3.41
0.080000 4.44
0.090000 5.60
0.100000 6.90
0.110000 8.31
0.120000 9.86
0.130000 11.52
0.140000 13.29
0.150000 15.18
0.160000 17.18
0.170000 19.27
0.180000 21.46
0.190000 23.75
0.200000 26.11
0.210000 28.56
0.220000 31.08
0.230000 33.66
0.240000 36.30
0.250000 38.99
0.260000 41.73
0.270000 44.50
0.280000 47.30
0.290000 50.13
0.300000 52.96
0.310000 55.59
0.320000 57.47
0.330000 58.22
0.340000 58.04
0.350000 57.30
0.360000 56.30
0.370000 55.27
0.380000 54.35
0.390000 53.64
0.400000 53.19
0.410000 53.00
0.420000 53.03
0.430000 53.18
0.440000 53.36
0.450000 53.52
0.460000 53.62
0.470000 53.67
0.480000 52.95
0.490000 41.87
0.500000 40.97
0.510000 41.87
0.520000 52.95
0.530000 53.67
0.540000 53.62
0.550000 53.52
0.560000 53.36
0.570000 53.18
0.580000 53.03
0.590000 53.00
0.600000 53.19
0.610000 53.64
0.620000 54.35
0.630000 55.27
0.640000 56.30
0.650000 57.30
0.660000 58.04
0.670000 58.22
0.680000 57.47
0.690000 55.59
0.700000 52.96
0.710000 50.13
0.720000 47.30
0.730000 44.50
0.740000 41.73
0.750000 38.99
0.760000 36.30
0.770000 33.66
0.780000 31.08
0.790000 28.56
0.800000 26.11
0.810000 23.75
0.820000 21.46
0.830000 19.27
0.840000 17.18
0.850000 15.18
0.860000 13.29
0.870000 11.52
0.880000 9.86
0.890000 8.31
0.900000 6.90
0.910000 5.60
0.920000 4.44
0.930000 3.41
0.940000 2.51
0.950000 1.75
0.960000 1.12
0.970000 0.63
0.980000 0.28
0.990000 0.07
1.000000 0.00
