0.000000 0.00
0.010000 0.21
0.020000 0.85
0.030000 1.92
0.040000 3.43
0.050000 5.37
0.060000 7.73
0.070000 10.52
0.080000 13.71
0.090000 17.28
0.100000 21.22
0.110000 25.49
0.120000 30.06
0.130000 34.88
0.140000 39.93
0.150000 45.15
0.160000 50.05
0.170000 51.82
0.180000 51.19
0.190000 50.61
0.200000 51.18
0.210000 53.11
0.220000 55.89
0.230000 58.80
0.240000 61.47
0.250000 63.85
0.260000 65.94
0.270000 67.75
0.280000 69.28
0.290000 70.54
0.300000 71.52
0.310000 72.24
0.320000 72.71
0.330000 72.92
0.340000 72.87
0.350000 72.59
0.360000 72.07
0.370000 71.33
0.380000 70.37
0.390000 69.23
0.400000 67.92
0.410000 66.46
0.420000 64.88
0.430000 63.20
0.440000 61.45
0.450000 59.66
0.460000 57.86
0.470000 56.22
0.480000 55.00
0.490000 54.19
0.500000 40.97
0.510000 31.48
0.520000 22.51
0.530000 14.34
0.540000 7.50
0.550000 2.04
0.560000 -2.08
0.570000 -4.89
0.580000 -6.34
0.590000 -6.34
0.600000 -4.77
0.610000 -1.48
0.620000 3.68
0.630000 10.79
0.640000 19.86
0.650000 30.42
0.660000 36.98
0.670000 37.70
0.680000 36.36
0.690000 32.86
0.700000 27.67
0.710000 24.45
0.720000 23.91
0.730000 25.49
0.740000 29.34
0.750000 35.93
0.760000 45.66
0.770000 71.86
0.780000 67.80
0.790000 63.65
0.800000 59.43
0.810000 55.16
0.820000 50.86
0.830000 46.56
0.840000 42.27
0.850000 38.04
0.860000 33.89
0.870000 29.85
0.880000 25.95
0.890000 22.22
0.900000 18.70
0.910000 15.40
0.920000 12.35
0.930000 9.59
0.940000 7.14
0.950000 5.02
0.960000 3.25
0.970000 1.85
0.980000 0.83
0.990000 0.21
1.000000 0.00
