1 9.054610e-01 9.054610e-01 4.889490e-01 -7.796610e-15 -4.524160e-15 1.054710e-15
2 3.437920e+00 9.054610e-01 1.172710e+00 6.027020e-15 -5.692250e-15 9.214850e-15
3 3.437920e+00 3.437920e+00 1.856470e+00 2.553610e-15 2.576520e-15 -2.164930e-15
4 9.054610e-01 3.437920e+00 2.540240e+00 -1.554310e-14 2.120170e-15 1.110220e-16
5 9.054610e-01 9.054610e-01 3.224000e+00 -1.294780e-14 -1.129650e-14 -1.154630e-14
101 5.970370e+00 9.054610e-01 4.889490e-01 -1.948560e-14 3.269610e-14 3.652630e-14
104 5.970370e+00 3.437920e+00 2.540240e+00 4.856120e-15 1.033300e-15 4.274360e-15
105 5.970370e+00 9.054610e-01 3.224000e+00 -9.997520e-15 -8.354430e-15 -1.276760e-15
102 8.502820e+00 9.054610e-01 1.172710e+00 1.945480e-14 -5.331440e-15 -5.384580e-15
103 8.502820e+00 3.437920e+00 1.856470e+00 -6.716030e-15 1.995190e-15 1.720850e-15
201 1.103530e+01 9.054610e-01 4.889490e-01 -2.111540e-14 5.884180e-15 1.204590e-14
204 1.103530e+01 3.437920e+00 2.540240e+00 -1.719540e-14 -5.824710e-15 -6.994410e-15
205 1.103530e+01 9.054610e-01 3.224000e+00 -2.765890e-14 -1.101900e-14 -3.386180e-15
202 1.356770e+01 9.054610e-01 1.172710e+00 -1.900270e-14 -7.932670e-15 -2.947640e-14
203 1.356770e+01 3.437920e+00 1.856470e+00 -2.352260e-14 1.117790e-15 2.275960e-15
301 1.610020e+01 9.054610e-01 4.889490e-01 -2.104030e-14 -1.218470e-14 -8.160140e-15
302 1.863260e+01 9.054610e-01 1.172710e+00 -5.166560e-15 -1.678740e-14 1.737500e-14
303 1.863260e+01 3.437920e+00 1.856470e+00 -2.848030e-14 -6.828830e-15 8.215650e-15
304 1.610020e+01 3.437920e+00 2.540240e+00 3.077420e-14 -4.102460e-15 -1.010300e-14
305 1.610020e+01 9.054610e-01 3.224000e+00 1.074520e-15 -8.659740e-15 -2.553510e-14
401 2.116510e+01 9.054610e-01 4.889490e-01 2.401290e-14 -1.090790e-14 -2.270410e-14
404 2.116510e+01 3.437920e+00 2.540240e+00 1.362420e-14 -5.968620e-15 1.554310e-15
405 2.116510e+01 9.054610e-01 3.224000e+00 7.458450e-14 -1.332270e-14 -8.160140e-15
402 2.369750e+01 9.054610e-01 1.172710e+00 2.273180e-14 -1.056390e-14 -8.215650e-15
403 2.369750e+01 3.437920e+00 1.856470e+00 4.864110e-14 -9.200030e-15 9.436900e-15
21 9.054610e-01 5.970370e+00 4.889490e-01 -5.872390e-15 -1.102670e-14 -4.218850e-15
22 3.437920e+00 5.970370e+00 1.172710e+00 5.823520e-15 -2.140180e-14 -7.382980e-15
25 9.054610e-01 5.970370e+00 3.224000e+00 -5.675310e-15 -4.041940e-14 2.164930e-15
121 5.970370e+00 5.970370e+00 4.889490e-01 -1.937890e-14 -8.330330e-15 5.440090e-15
125 5.970370e+00 5.970370e+00 3.224000e+00 -4.337230e-15 -2.135260e-14 1.387780e-15
122 8.502820e+00 5.970370e+00 1.172710e+00 1.234340e-15 1.293810e-15 -2.553510e-15
221 1.103530e+01 5.970370e+00 4.889490e-01 -3.086800e-14 -6.157120e-15 -3.108620e-15
225 1.103530e+01 5.970370e+00 3.224000e+00 -5.364410e-15 -3.412100e-15 5.551120e-15
222 1.356770e+01 5.970370e+00 1.172710e+00 3.455310e-14 -2.043580e-14 -2.103870e-14
321 1.610020e+01 5.970370e+00 4.889490e-01 -5.821640e-14 -6.952410e-15 1.953990e-14
322 1.863260e+01 5.970370e+00 1.172710e+00 -9.512740e-15 1.076520e-14 2.509100e-14
325 1.610020e+01 5.970370e+00 3.224000e+00 -4.414050e-14 -8.126130e-15 -1.165730e-15
421 2.116510e+01 5.970370e+00 4.889490e-01 2.102940e-14 1.508150e-14 -3.586020e-14
425 2.116510e+01 5.970370e+00 3.224000e+00 2.753910e-14 -3.442550e-15 1.976200e-14
422 2.369750e+01 5.970370e+00 1.172710e+00 4.307670e-14 -1.885420e-14 1.187940e-14
23 3.437920e+00 8.502820e+00 1.856470e+00 -2.252590e-14 1.460570e-14 6.272760e-15
24 9.054610e-01 8.502820e+00 2.540240e+00 -7.549520e-15 1.888200e-15 -2.664540e-14
41 9.054610e-01 1.103530e+01 4.889490e-01 -5.291700e-15 -3.617590e-14 -1.165730e-14
42 3.437920e+00 1.103530e+01 1.172710e+00 -6.283650e-15 -3.002580e-14 1.393330e-14
45 9.054610e-01 1.103530e+01 3.224000e+00 -8.640820e-15 5.987460e-16 2.220450e-16
124 5.970370e+00 8.502820e+00 2.540240e+00 5.396450e-15 4.628010e-15 2.109420e-15
141 5.970370e+00 1.103530e+01 4.889490e-01 -1.112350e-14 2.039900e-15 -7.105430e-15
145 5.970370e+00 1.103530e+01 3.224000e+00 -1.009180e-14 -1.830060e-14 -1.004750e-14
123 8.502820e+00 8.502820e+00 1.856470e+00 1.156090e-14 -1.904220e-14 1.515450e-14
142 8.502820e+00 1.103530e+01 1.172710e+00 3.009170e-14 1.959290e-14 -3.774760e-15
224 1.103530e+01 8.502820e+00 2.540240e+00 -2.429660e-14 4.357210e-15 2.442490e-15
241 1.103530e+01 1.103530e+01 4.889490e-01 -2.845460e-14 1.146870e-14 -6.661340e-15
245 1.103530e+01 1.103530e+01 3.224000e+00 -6.931080e-15 9.973170e-15 1.071370e-14
223 1.356770e+01 8.502820e+00 1.856470e+00 -6.987140e-15 4.009220e-14 4.940490e-15
242 1.356770e+01 1.103530e+01 1.172710e+00 9.828790e-15 -2.758960e-14 -1.287860e-14
323 1.863260e+01 8.502820e+00 1.856470e+00 8.611090e-15 -7.534410e-15 -2.509100e-14
324 1.610020e+01 8.502820e+00 2.540240e+00 -2.657000e-14 6.029280e-15 8.548720e-15
341 1.610020e+01 1.103530e+01 4.889490e-01 -2.044670e-14 7.748400e-16 7.771560e-15
342 1.863260e+01 1.103530e+01 1.172710e+00 -5.291880e-15 -3.141500e-14 2.325920e-14
345 1.610020e+01 1.103530e+01 3.224000e+00 -4.978390e-15 -9.000320e-15 -2.942090e-14
424 2.116510e+01 8.502820e+00 2.540240e+00 4.567460e-14 1.406700e-14 5.218050e-15
441 2.116510e+01 1.103530e+01 4.889490e-01 1.653770e-14 -2.931690e-14 -1.221250e-14
445 2.116510e+01 1.103530e+01 3.224000e+00 -1.793470e-14 -6.173080e-15 -1.099120e-14
423 2.369750e+01 8.502820e+00 1.856470e+00 1.185760e-14 4.649280e-15 2.142730e-14
442 2.369750e+01 1.103530e+01 1.172710e+00 3.272380e-14 -8.892500e-15 2.170490e-14
43 3.437920e+00 1.356770e+01 1.856470e+00 -6.691750e-15 1.419230e-14 -2.609020e-15
44 9.054610e-01 1.356770e+01 2.540240e+00 -7.133180e-15 1.381520e-14 7.660540e-15
144 5.970370e+00 1.356770e+01 2.540240e+00 -3.046830e-14 -3.969290e-15 -2.997600e-15
143 8.502820e+00 1.356770e+01 1.856470e+00 2.656280e-14 -1.534230e-14 1.443290e-15
244 1.103530e+01 1.356770e+01 2.540240e+00 -2.521910e-15 -1.518990e-14 2.331470e-15
243 1.356770e+01 1.356770e+01 1.856470e+00 7.199700e-15 -1.000950e-14 1.859620e-14
343 1.863260e+01 1.356770e+01 1.856470e+00 3.551770e-14 2.355710e-15 -2.337020e-14
344 1.610020e+01 1.356770e+01 2.540240e+00 -4.384710e-14 3.699300e-15 1.926240e-14
444 2.116510e+01 1.356770e+01 2.540240e+00 1.581720e-14 -5.018490e-15 3.375080e-14
443 2.369750e+01 1.356770e+01 1.856470e+00 2.668760e-14 -1.968880e-15 7.549520e-15
61 9.054610e-01 1.610020e+01 4.889490e-01 -4.502910e-15 -2.215790e-14 -1.532110e-14
62 3.437920e+00 1.610020e+01 1.172710e+00 -1.126630e-14 -4.277750e-14 -5.884180e-15
63 3.437920e+00 1.863260e+01 1.856470e+00 -4.146980e-15 2.843710e-14 9.325870e-15
64 9.054610e-01 1.863260e+01 2.540240e+00 5.329070e-15 1.758920e-14 -8.770760e-15
65 9.054610e-01 1.610020e+01 3.224000e+00 -3.820300e-15 -4.094700e-14 1.915130e-14
161 5.970370e+00 1.610020e+01 4.889490e-01 -7.463680e-16 -1.970600e-14 -1.609820e-14
164 5.970370e+00 1.863260e+01 2.540240e+00 -2.159950e-15 3.213430e-14 1.115770e-14
165 5.970370e+00 1.610020e+01 3.224000e+00 -3.405110e-14 -2.045800e-14 3.941290e-15
162 8.502820e+00 1.610020e+01 1.172710e+00 1.435110e-14 -3.382000e-14 -8.215650e-15
163 8.502820e+00 1.863260e+01 1.856470e+00 1.233300e-14 2.203370e-14 1.060260e-14
261 1.103530e+01 1.610020e+01 4.889490e-01 -1.258590e-14 -2.504770e-14 2.065010e-14
264 1.103530e+01 1.863260e+01 2.540240e+00 -4.452240e-14 1.727260e-14 -2.226000e-14
265 1.103530e+01 1.610020e+01 3.224000e+00 -2.623480e-14 -3.355310e-14 1.199040e-14
262 1.356770e+01 1.610020e+01 1.172710e+00 -2.641980e-15 -1.780740e-14 -2.775560e-14
263 1.356770e+01 1.863260e+01 1.856470e+00 4.250530e-14 2.989180e-14 2.153830e-14
361 1.610020e+01 1.610020e+01 4.889490e-01 -1.871160e-14 -2.274360e-14 2.442490e-15
362 1.863260e+01 1.610020e+01 1.172710e+00 1.587370e-14 -2.004080e-14 1.004750e-14
363 1.863260e+01 1.863260e+01 1.856470e+00 6.512040e-14 1.302720e-14 -5.107030e-15
364 1.610020e+01 1.863260e+01 2.540240e+00 -7.745260e-14 1.152760e-14 7.105430e-15
365 1.610020e+01 1.610020e+01 3.224000e+00 -4.286090e-14 -3.061180e-14 -1.437740e-14
461 2.116510e+01 1.610020e+01 4.889490e-01 2.659400e-14 -3.771900e-14 9.103830e-15
464 2.116510e+01 1.863260e+01 2.540240e+00 7.293330e-15 4.132590e-14 -3.413940e-14
465 2.116510e+01 1.610020e+01 3.224000e+00 2.400900e-14 -7.174580e-14 2.103870e-14
462 2.369750e+01 1.610020e+01 1.172710e+00 1.237900e-14 -3.153350e-14 -1.437740e-14
463 2.369750e+01 1.863260e+01 1.856470e+00 -6.791510e-15 2.064930e-14 3.941290e-15
81 9.054610e-01 2.116510e+01 4.889490e-01 -1.463570e-14 2.085180e-14 2.842170e-14
82 3.437920e+00 2.116510e+01 1.172710e+00 -1.286440e-14 1.310850e-14 6.661340e-15
85 9.054610e-01 2.116510e+01 3.224000e+00 -1.325880e-14 1.873550e-14 1.154630e-14
181 5.970370e+00 2.116510e+01 4.889490e-01 1.893380e-15 -1.524480e-15 -4.152230e-14
185 5.970370e+00 2.116510e+01 3.224000e+00 7.783360e-15 1.347670e-15 -3.719250e-15
182 8.502820e+00 2.116510e+01 1.172710e+00 -8.444950e-15 5.397610e-15 -1.665330e-16
281 1.103530e+01 2.116510e+01 4.889490e-01 -9.864360e-15 2.395250e-14 -1.343370e-14
285 1.103530e+01 2.116510e+01 3.224000e+00 -1.438480e-14 2.387850e-14 2.831070e-15
282 1.356770e+01 2.116510e+01 1.172710e+00 2.317530e-14 8.873960e-15 1.365570e-14
381 1.610020e+01 2.116510e+01 4.889490e-01 -3.430270e-14 1.996380e-16 -1.920690e-14
382 1.863260e+01 2.116510e+01 1.172710e+00 3.682490e-14 2.129940e-14 1.432190e-14
385 1.610020e+01 2.116510e+01 3.224000e+00 -3.103160e-14 1.169840e-14 -2.559060e-14
481 2.116510e+01 2.116510e+01 4.889490e-01 1.290310e-14 2.065840e-14 3.108620e-15
485 2.116510e+01 2.116510e+01 3.224000e+00 2.155760e-14 2.718300e-14 1.443290e-15
482 2.369750e+01 2.116510e+01 1.172710e+00 1.965090e-14 1.612850e-14 -5.162540e-15
83 3.437920e+00 2.369750e+01 1.856470e+00 4.382790e-15 2.550740e-14 -1.387780e-15
84 9.054610e-01 2.369750e+01 2.540240e+00 -1.118550e-14 3.337520e-14 1.670890e-14
184 5.970370e+00 2.369750e+01 2.540240e+00 -2.705650e-15 2.359610e-14 1.659780e-14
183 8.502820e+00 2.369750e+01 1.856470e+00 -1.424640e-14 2.253750e-14 -3.164140e-15
284 1.103530e+01 2.369750e+01 2.540240e+00 1.328860e-14 1.976270e-14 1.604270e-14
283 1.356770e+01 2.369750e+01 1.856470e+00 -2.973940e-15 1.687540e-14 2.570170e-14
383 1.863260e+01 2.369750e+01 1.856470e+00 9.960300e-15 3.111400e-14 -1.970650e-14
384 1.610020e+01 2.369750e+01 2.540240e+00 -4.747930e-14 2.901190e-14 -3.219650e-15
484 2.116510e+01 2.369750e+01 2.540240e+00 1.263160e-14 1.746360e-14 1.915130e-14
483 2.369750e+01 2.369750e+01 1.856470e+00 3.377430e-14 2.989280e-14 1.004750e-14
6 3.437920e+00 9.054610e-01 3.907760e+00 7.956440e-15 -1.984610e-14 5.384580e-15
7 3.437920e+00 3.437920e+00 4.591520e+00 -1.970650e-15 -6.024580e-15 1.121330e-14
8 9.054610e-01 3.437920e+00 5.275290e+00 -1.854070e-14 -3.925080e-15 1.137980e-14
9 9.054610e-01 9.054610e-01 5.959050e+00 -7.326940e-15 -4.718450e-15 2.314820e-14
10 3.437920e+00 9.054610e-01 6.642810e+00 9.604280e-15 -1.175950e-14 3.996800e-15
108 5.970370e+00 3.437920e+00 5.275290e+00 5.137900e-16 -2.677800e-15 2.331470e-15
109 5.970370e+00 9.054610e-01 5.959050e+00 -1.854200e-14 -2.692290e-15 1.443290e-15
106 8.502820e+00 9.054610e-01 3.907760e+00 1.114080e-15 -1.575660e-14 -1.570970e-14
107 8.502820e+00 3.437920e+00 4.591520e+00 -2.133150e-14 -6.966440e-15 -9.436900e-16
110 8.502820e+00 9.054610e-01 6.642810e+00 -2.837280e-14 2.339340e-15 4.607430e-15
208 1.103530e+01 3.437920e+00 5.275290e+00 3.338250e-15 -1.466750e-14 1.165730e-14
209 1.103530e+01 9.054610e-01 5.959050e+00 -7.884880e-15 7.188690e-15 -3.552710e-14
206 1.356770e+01 9.054610e-01 3.907760e+00 -5.536860e-15 -2.294440e-14 -6.161740e-15
207 1.356770e+01 3.437920e+00 4.591520e+00 -1.096350e-14 -3.627210e-15 8.715250e-15
210 1.356770e+01 9.054610e-01 6.642810e+00 -4.030960e-14 -1.045730e-14 8.548720e-15
306 1.863260e+01 9.054610e-01 3.907760e+00 -2.336540e-14 -7.467070e-15 6.494800e-15
307 1.863260e+01 3.437920e+00 4.591520e+00 -3.008700e-14 1.027610e-14 -4.829470e-15
308 1.610020e+01 3.437920e+00 5.275290e+00 6.338370e-15 -8.988220e-15 9.936500e-15
309 1.610020e+01 9.054610e-01 5.959050e+00 4.999370e-14 -2.164930e-15 -1.354470e-14
310 1.863260e+01 9.054610e-01 6.642810e+00 -5.777150e-14 -7.712920e-15 -1.199040e-14
408 2.116510e+01 3.437920e+00 5.275290e+00 8.373730e-14 -1.461050e-15 2.203790e-14
409 2.116510e+01 9.054610e-01 5.959050e+00 8.971570e-14 5.662140e-15 8.049120e-15
406 2.369750e+01 9.054610e-01 3.907760e+00 -6.883380e-15 -4.385830e-15 -1.254550e-14
407 2.369750e+01 3.437920e+00 4.591520e+00 9.742210e-15 -8.912620e-15 3.586020e-14
410 2.369750e+01 9.054610e-01 6.642810e+00 -1.892930e-14 -6.620820e-15 -2.836620e-14
26 3.437920e+00 5.970370e+00 3.907760e+00 4.377600e-15 -9.658940e-15 -5.884180e-15
29 9.054610e-01 5.970370e+00 5.959050e+00 -9.356360e-15 -3.843850e-14 2.231550e-14
30 3.437920e+00 5.970370e+00 6.642810e+00 -1.702920e-14 -2.821200e-14 8.770760e-15
129 5.970370e+00 5.970370e+00 5.959050e+00 -5.818810e-16 -1.761810e-14 7.605030e-15
126 8.502820e+00 5.970370e+00 3.907760e+00 -1.096330e-14 -1.432190e-14 7.771560e-15
130 8.502820e+00 5.970370e+00 6.642810e+00 2.032860e-14 1.328860e-17 -2.764460e-14
229 1.103530e+01 5.970370e+00 5.959050e+00 -2.850630e-14 -1.300330e-14 3.519410e-14
226 1.356770e+01 5.970370e+00 3.907760e+00 1.809320e-14 -3.108620e-15 -1.620930e-14
230 1.356770e+01 5.970370e+00 6.642810e+00 -9.518380e-15 -1.979910e-15 -2.359220e-14
326 1.863260e+01 5.970370e+00 3.907760e+00 4.479510e-15 -3.028130e-14 -2.109420e-15
329 1.610020e+01 5.970370e+00 5.959050e+00 -4.164880e-14 -4.199530e-15 6.938890e-15
330 1.863260e+01 5.970370e+00 6.642810e+00 -2.641900e-15 -4.299310e-15 2.925440e-14
429 2.116510e+01 5.970370e+00 5.959050e+00 2.313560e-14 -1.926520e-14 -9.547920e-15
426 2.369750e+01 5.970370e+00 3.907760e+00 1.956770e-14 -1.665440e-14 -1.110220e-15
430 2.369750e+01 5.970370e+00 6.642810e+00 3.108620e-14 1.388820e-14 -1.110220e-16
27 3.437920e+00 8.502820e+00 4.591520e+00 4.163340e-16 5.272300e-15 2.431390e-14
28 9.054610e-01 8.502820e+00 5.275290e+00 -1.179610e-14 2.362550e-14 -1.443290e-14
46 3.437920e+00 1.103530e+01 3.907760e+00 -7.796860e-15 -5.412340e-15 3.314020e-14
49 9.054610e-01 1.103530e+01 5.959050e+00 -1.191890e-14 -2.265330e-14 1.082470e-14
50 3.437920e+00 1.103530e+01 6.642810e+00 -8.577510e-15 2.135920e-14 -6.716850e-15
128 5.970370e+00 8.502820e+00 5.275290e+00 -2.198290e-14 2.267980e-14 -6.328270e-15
149 5.970370e+00 1.103530e+01 5.959050e+00 -5.077220e-15 -2.247940e-14 -7.382980e-15
127 8.502820e+00 8.502820e+00 4.591520e+00 7.845830e-15 -4.831810e-15 2.053910e-14
146 8.502820e+00 1.103530e+01 3.907760e+00 2.844800e-14 3.858030e-14 2.059460e-14
150 8.502820e+00 1.103530e+01 6.642810e+00 1.386960e-14 -2.540520e-14 -2.259300e-14
228 1.103530e+01 8.502820e+00 5.275290e+00 -1.614730e-14 2.258680e-14 3.297360e-14
249 1.103530e+01 1.103530e+01 5.959050e+00 -1.921850e-14 -1.175540e-14 1.199040e-14
227 1.356770e+01 8.502820e+00 4.591520e+00 2.636780e-15 -2.017790e-16 2.031710e-14
246 1.356770e+01 1.103530e+01 3.907760e+00 -4.665430e-14 -2.736700e-14 3.552710e-15
250 1.356770e+01 1.103530e+01 6.642810e+00 9.195220e-15 -3.549080e-14 -4.274360e-15
327 1.863260e+01 8.502820e+00 4.591520e+00 2.989280e-14 3.184190e-14 2.930990e-14
328 1.610020e+01 8.502820e+00 5.275290e+00 -2.991580e-14 -1.741490e-15 6.383780e-15
346 1.863260e+01 1.103530e+01 3.907760e+00 4.882380e-14 -8.881780e-15 1.465490e-14
349 1.610020e+01 1.103530e+01 5.959050e+00 -4.986430e-14 -2.371100e-14 -8.326670e-16
350 1.863260e+01 1.103530e+01 6.642810e+00 2.679850e-14 -3.560570e-14 2.098320e-14
428 2.116510e+01 8.502820e+00 5.275290e+00 6.901870e-15 -5.620880e-15 -1.715290e-14
449 2.116510e+01 1.103530e+01 5.959050e+00 1.254800e-14 -1.123180e-14 7.271960e-15
427 2.369750e+01 8.502820e+00 4.591520e+00 3.400060e-14 2.172060e-14 2.831070e-14
446 2.369750e+01 1.103530e+01 3.907760e+00 3.486100e-14 -9.943690e-15 4.218850e-15
450 2.369750e+01 1.103530e+01 6.642810e+00 2.620130e-14 -2.247250e-14 -6.494800e-15
47 3.437920e+00 1.356770e+01 4.591520e+00 -9.076070e-15 -1.776220e-14 1.376680e-14
48 9.054610e-01 1.356770e+01 5.275290e+00 -9.076070e-15 2.924000e-14 -9.547920e-15
148 5.970370e+00 1.356770e+01 5.275290e+00 -1.570590e-14 1.170850e-14 1.187940e-14
147 8.502820e+00 1.356770e+01 4.591520e+00 1.022400e-14 -3.557630e-14 -1.360020e-14
248 1.103530e+01 1.356770e+01 5.275290e+00 -9.074020e-15 -2.240910e-14 2.697840e-14
247 1.356770e+01 1.356770e+01 4.591520e+00 7.632780e-15 1.525800e-14 1.615370e-14
347 1.863260e+01 1.356770e+01 4.591520e+00 6.303290e-14 1.887610e-15 -1.332270e-14
348 1.610020e+01 1.356770e+01 5.275290e+00 -4.699930e-14 1.225860e-14 3.608220e-14
448 2.116510e+01 1.356770e+01 5.275290e+00 1.096470e-14 1.281690e-14 -1.004750e-14
447 2.369750e+01 1.356770e+01 4.591520e+00 1.754150e-14 1.624380e-14 1.243450e-14
66 3.437920e+00 1.610020e+01 3.907760e+00 -6.955460e-15 -2.539960e-14 -3.602670e-14
67 3.437920e+00 1.863260e+01 4.591520e+00 -1.429410e-14 2.533160e-14 3.747000e-14
68 9.054610e-01 1.863260e+01 5.275290e+00 -1.088020e-14 2.237040e-14 -1.287860e-14
69 9.054610e-01 1.610020e+01 5.959050e+00 -1.142370e-14 -4.587250e-14 2.842170e-14
70 3.437920e+00 1.610020e+01 6.642810e+00 -2.481410e-14 -4.692590e-14 2.431390e-14
168 5.970370e+00 1.863260e+01 5.275290e+00 1.173010e-15 -1.268450e-14 8.437690e-15
169 5.970370e+00 1.610020e+01 5.959050e+00 1.390560e-14 -1.956300e-14 -6.550320e-15
166 8.502820e+00 1.610020e+01 3.907760e+00 2.003850e-14 -2.944060e-14 -3.108620e-15
167 8.502820e+00 1.863260e+01 4.591520e+00 1.096210e-14 1.875500e-14 4.785060e-14
170 8.502820e+00 1.610020e+01 6.642810e+00 -1.280910e-14 -3.414370e-14 -1.015850e-14
268 1.103530e+01 1.863260e+01 5.275290e+00 -1.890960e-14 3.242310e-15 -1.632030e-14
269 1.103530e+01 1.610020e+01 5.959050e+00 -1.614930e-14 -1.847150e-14 4.440890e-16
266 1.356770e+01 1.610020e+01 3.907760e+00 -1.035850e-15 -1.118320e-14 1.360020e-14
267 1.356770e+01 1.863260e+01 4.591520e+00 1.662560e-14 1.782330e-15 4.285460e-14
270 1.356770e+01 1.610020e+01 6.642810e+00 -1.744200e-14 -3.965730e-14 1.759700e-14
366 1.863260e+01 1.610020e+01 3.907760e+00 1.761130e-14 -4.454010e-14 1.165730e-15
367 1.863260e+01 1.863260e+01 4.591520e+00 3.441690e-14 2.736020e-14 6.938890e-15
368 1.610020e+01 1.863260e+01 5.275290e+00 -2.826290e-14 7.255970e-15 1.532110e-14
369 1.610020e+01 1.610020e+01 5.959050e+00 2.620130e-14 -1.393480e-14 2.442490e-15
370 1.863260e+01 1.610020e+01 6.642810e+00 -1.625260e-14 -2.150220e-14 1.770810e-14
468 2.116510e+01 1.863260e+01 5.275290e+00 1.763530e-14 2.607020e-14 -1.670890e-14
469 2.116510e+01 1.610020e+01 5.959050e+00 1.778660e-14 -4.505180e-14 6.106230e-16
466 2.369750e+01 1.610020e+01 3.907760e+00 3.355650e-14 -5.090980e-14 -2.503550e-14
467 2.369750e+01 1.863260e+01 4.591520e+00 1.712520e-14 2.259600e-14 4.152230e-14
470 2.369750e+01 1.610020e+01 6.642810e+00 3.655410e-14 -4.996230e-14 -1.126880e-14
86 3.437920e+00 2.116510e+01 3.907760e+00 -1.494460e-14 1.887380e-14 2.370330e-14
89 9.054610e-01 2.116510e+01 5.959050e+00 -1.913010e-15 8.972550e-15 1.187940e-14
90 3.437920e+00 2.116510e+01 6.642810e+00 1.687770e-14 2.806360e-14 -1.382230e-14
189 5.970370e+00 2.116510e+01 5.959050e+00 1.431710e-15 2.180580e-14 3.830270e-14
186 8.502820e+00 2.116510e+01 3.907760e+00 7.643260e-15 2.550740e-14 8.326670e-16
190 8.502820e+00 2.116510e+01 6.642810e+00 -2.784500e-14 2.661920e-14 -3.613780e-14
289 1.103530e+01 2.116510e+01 5.959050e+00 -1.567100e-14 2.906680e-14 2.819970e-14
286 1.356770e+01 2.116510e+01 3.907760e+00 1.948480e-16 2.009500e-14 -2.359220e-14
290 1.356770e+01 2.116510e+01 6.642810e+00 3.204860e-15 1.189960e-14 -3.724800e-14
386 1.863260e+01 2.116510e+01 3.907760e+00 1.793500e-14 1.240670e-14 3.125280e-14
389 1.610020e+01 2.116510e+01 5.959050e+00 -4.469160e-14 1.094610e-14 1.137980e-14
390 1.863260e+01 2.116510e+01 6.642810e+00 -1.953680e-14 5.477870e-15 5.440090e-15
489 2.116510e+01 2.116510e+01 5.959050e+00 2.078980e-14 2.614810e-14 -6.605830e-15
486 2.369750e+01 2.116510e+01 3.907760e+00 3.061440e-14 2.097060e-14 -2.942090e-15
490 2.369750e+01 2.116510e+01 6.642810e+00 2.442490e-14 2.254300e-14 1.254550e-14
87 3.437920e+00 2.369750e+01 4.591520e+00 -1.493550e-14 3.544390e-14 4.996000e-15
88 9.054610e-01 2.369750e+01 5.275290e+00 -8.215650e-15 2.336850e-14 -3.164140e-15
188 5.970370e+00 2.369750e+01 5.275290e+00 -2.477150e-14 2.633910e-14 2.003950e-14
187 8.502820e+00 2.369750e+01 4.591520e+00 7.575280e-15 3.266830e-14 -1.110220e-14
288 1.103530e+01 2.369750e+01 5.275290e+00 -2.624890e-15 2.471160e-14 2.664540e-15
287 1.356770e+01 2.369750e+01 4.591520e+00 5.701710e-15 3.916310e-14 1.382230e-14
387 1.863260e+01 2.369750e+01 4.591520e+00 4.364340e-14 8.465450e-15 -2.364780e-14
388 1.610020e+01 2.369750e+01 5.275290e+00 -5.764470e-14 2.039850e-14 3.469450e-14
488 2.116510e+01 2.369750e+01 5.275290e+00 3.898920e-14 1.128170e-14 8.992810e-15
487 2.369750e+01 2.369750e+01 4.591520e+00 3.032100e-14 1.834640e-14 -2.775560e-16
11 3.437920e+00 3.437920e+00 7.326570e+00 -1.998400e-15 3.302250e-15 2.586820e-14
12 9.054610e-01 3.437920e+00 8.010340e+00 6.772360e-15 -9.874570e-15 -1.698640e-14
13 9.054610e-01 9.054610e-01 8.694100e+00 3.245210e-14 -3.344550e-14 -6.400440e-14
14 3.437920e+00 9.054610e-01 9.377860e+00 4.932580e-15 -1.788600e-14 7.049920e-15
15 3.437920e+00 3.437920e+00 1.006160e+01 -3.127170e-15 -3.535730e-15 -1.443290e-15
112 5.970370e+00 3.437920e+00 8.010340e+00 -1.405130e-15 -6.550320e-15 -1.165730e-14
113 5.970370e+00 9.054610e-01 8.694100e+00 -2.788750e-14 -2.209340e-14 -2.442490e-15
111 8.502820e+00 3.437920e+00 7.326570e+00 -2.162160e-14 -4.086530e-15 2.925440e-14
114 8.502820e+00 9.054610e-01 9.377860e+00 8.762450e-15 -1.448790e-14 1.515450e-14
115 8.502820e+00 3.437920e+00 1.006160e+01 -5.609270e-16 -1.016660e-14 2.220450e-14
212 1.103530e+01 3.437920e+00 8.010340e+00 1.269920e-15 2.345350e-14 -1.454390e-14
213 1.103530e+01 9.054610e-01 8.694100e+00 -6.334980e-16 5.098700e-14 3.352870e-14
211 1.356770e+01 3.437920e+00 7.326570e+00 -1.432190e-14 9.486300e-15 5.417890e-14
214 1.356770e+01 9.054610e-01 9.377860e+00 7.223770e-15 3.303120e-14 -1.415530e-14
215 1.356770e+01 3.437920e+00 1.006160e+01 -7.891720e-16 7.184510e-15 1.876280e-14
311 1.863260e+01 3.437920e+00 7.326570e+00 -5.731530e-14 3.287000e-15 6.550320e-15
312 1.610020e+01 3.437920e+00 8.010340e+00 -1.476650e-14 2.053910e-15 -2.775560e-16
313 1.610020e+01 9.054610e-01 8.694100e+00 1.315850e-16 -5.301310e-15 -1.887380e-15
314 1.863260e+01 9.054610e-01 9.377860e+00 1.359990e-14 -6.406680e-15 8.271160e-15
315 1.863260e+01 3.437920e+00 1.006160e+01 -5.199310e-15 6.825750e-16 -9.436900e-16
412 2.116510e+01 3.437920e+00 8.010340e+00 9.560110e-14 2.775560e-16 3.896880e-14
413 2.116510e+01 9.054610e-01 8.694100e+00 8.083080e-14 1.432190e-14 4.357630e-14
411 2.369750e+01 3.437920e+00 7.326570e+00 -9.492410e-15 -2.108630e-14 2.398080e-14
414 2.369750e+01 9.054610e-01 9.377860e+00 -5.984100e-14 -1.957530e-14 2.220450e-15
415 2.369750e+01 3.437920e+00 1.006160e+01 2.053820e-14 -1.735910e-14 1.121330e-14
33 9.054610e-01 5.970370e+00 8.694100e+00 -7.507930e-15 1.062110e-14 -2.947640e-14
34 3.437920e+00 5.970370e+00 9.377860e+00 -7.974180e-16 -6.037910e-16 1.693090e-14
133 5.970370e+00 5.970370e+00 8.694100e+00 6.979720e-15 1.128140e-14 5.273560e-15
134 8.502820e+00 5.970370e+00 9.377860e+00 -2.200480e-14 -9.703890e-16 -4.385380e-15
233 1.103530e+01 5.970370e+00 8.694100e+00 -9.916310e-15 -1.752590e-14 -5.501160e-14
234 1.356770e+01 5.970370e+00 9.377860e+00 3.595330e-14 -7.241220e-15 1.243450e-14
333 1.610020e+01 5.970370e+00 8.694100e+00 -4.270840e-14 1.726330e-14 -2.053910e-15
334 1.863260e+01 5.970370e+00 9.377860e+00 -1.396710e-14 -1.865590e-14 3.635980e-14
433 2.116510e+01 5.970370e+00 8.694100e+00 4.765130e-14 2.346880e-15 -6.750160e-14
434 2.369750e+01 5.970370e+00 9.377860e+00 3.322340e-14 5.730670e-15 -2.614580e-14
31 3.437920e+00 8.502820e+00 7.326570e+00 -4.635180e-15 -4.042660e-15 2.803310e-14
32 9.054610e-01 8.502820e+00 8.010340e+00 1.060260e-14 1.246990e-14 4.812820e-14
35 3.437920e+00 8.502820e+00 1.006160e+01 -1.783140e-14 1.172440e-14 -3.974600e-14
53 9.054610e-01 1.103530e+01 8.694100e+00 -1.861210e-16 -4.463050e-15 -6.389330e-14
54 3.437920e+00 1.103530e+01 9.377860e+00 5.505750e-15 -2.776890e-14 3.663740e-14
132 5.970370e+00 8.502820e+00 8.010340e+00 -1.419400e-14 -9.464520e-16 4.946040e-14
153 5.970370e+00 1.103530e+01 8.694100e+00 -1.473890e-15 -7.733340e-16 -3.314020e-14
131 8.502820e+00 8.502820e+00 7.326570e+00 2.939320e-14 -1.707270e-15 1.998400e-14
135 8.502820e+00 8.502820e+00 1.006160e+01 1.619990e-14 1.237020e-15 -1.110220e-16
154 8.502820e+00 1.103530e+01 9.377860e+00 2.269810e-14 -5.527770e-15 1.681990e-14
232 1.103530e+01 8.502820e+00 8.010340e+00 -1.507820e-14 -2.312150e-14 -3.813620e-14
253 1.103530e+01 1.103530e+01 8.694100e+00 -2.688830e-14 -9.915280e-15 -2.192690e-14
231 1.356770e+01 8.502820e+00 7.326570e+00 -1.640350e-14 2.035540e-14 2.509100e-14
235 1.356770e+01 8.502820e+00 1.006160e+01 -2.782380e-15 9.267030e-15 8.437690e-15
254 1.356770e+01 1.103530e+01 9.377860e+00 -1.063200e-14 -3.030570e-14 9.325870e-15
331 1.863260e+01 8.502820e+00 7.326570e+00 3.025360e-14 8.197790e-15 -1.931790e-14
332 1.610020e+01 8.502820e+00 8.010340e+00 -2.607530e-14 -7.193680e-15 4.080070e-14
335 1.863260e+01 8.502820e+00 1.006160e+01 -1.677010e-14 2.459780e-14 -1.465490e-14
353 1.610020e+01 1.103530e+01 8.694100e+00 -2.038960e-14 -8.042210e-15 -3.136380e-14
354 1.863260e+01 1.103530e+01 9.377860e+00 -3.440870e-14 -3.045940e-14 5.001550e-14
432 2.116510e+01 8.502820e+00 8.010340e+00 1.322830e-14 1.601050e-14 1.532110e-14
453 2.116510e+01 1.103530e+01 8.694100e+00 2.423180e-14 -5.627750e-14 -6.616930e-14
431 2.369750e+01 8.502820e+00 7.326570e+00 1.249000e-15 -1.395870e-14 -2.775560e-15
435 2.369750e+01 8.502820e+00 1.006160e+01 1.086310e-14 1.577880e-14 1.776360e-15
454 2.369750e+01 1.103530e+01 9.377860e+00 2.980950e-14 -2.484790e-14 4.679590e-14
51 3.437920e+00 1.356770e+01 7.326570e+00 -1.496030e-14 4.539230e-15 -4.030110e-14
52 9.054610e-01 1.356770e+01 8.010340e+00 -1.779130e-14 1.673950e-14 2.386980e-14
55 3.437920e+00 1.356770e+01 1.006160e+01 -1.172830e-14 3.414420e-14 -1.965090e-14
152 5.970370e+00 1.356770e+01 8.010340e+00 1.877910e-14 -1.743050e-14 3.264060e-14
151 8.502820e+00 1.356770e+01 7.326570e+00 1.060260e-14 1.121440e-14 1.898480e-14
155 8.502820e+00 1.356770e+01 1.006160e+01 3.622470e-15 2.336540e-14 -3.375080e-14
252 1.103530e+01 1.356770e+01 8.010340e+00 -2.575570e-14 -6.605830e-15 -4.574120e-14
251 1.356770e+01 1.356770e+01 7.326570e+00 -1.218470e-14 1.523150e-14 -4.996000e-16
255 1.356770e+01 1.356770e+01 1.006160e+01 4.822850e-14 -1.657550e-14 1.881830e-14
351 1.863260e+01 1.356770e+01 7.326570e+00 6.217250e-15 1.673820e-14 -2.442490e-15
352 1.610020e+01 1.356770e+01 8.010340e+00 -4.134460e-14 6.661340e-15 2.337020e-14
355 1.863260e+01 1.356770e+01 1.006160e+01 -1.821670e-14 1.319160e-14 -1.754150e-14
452 2.116510e+01 1.356770e+01 8.010340e+00 2.191480e-14 2.783880e-14 3.402830e-14
451 2.369750e+01 1.356770e+01 7.326570e+00 4.427010e-14 3.455810e-14 8.548720e-15
455 2.369750e+01 1.356770e+01 1.006160e+01 1.553030e-15 1.524990e-14 -2.114970e-14
71 3.437920e+00 1.863260e+01 7.326570e+00 1.942890e-16 -8.863450e-15 3.141930e-14
72 9.054610e-01 1.863260e+01 8.010340e+00 -3.830270e-15 2.292760e-14 -1.953990e-14
73 9.054610e-01 1.610020e+01 8.694100e+00 -1.191020e-14 -5.650460e-14 -2.775560e-14
74 3.437920e+00 1.610020e+01 9.377860e+00 -7.326090e-15 -5.594780e-14 2.736700e-14
75 3.437920e+00 1.863260e+01 1.006160e+01 -8.270930e-15 -7.732100e-15 1.043610e-14
172 5.970370e+00 1.863260e+01 8.010340e+00 -5.448170e-15 -2.220450e-15 -1.942890e-15
173 5.970370e+00 1.610020e+01 8.694100e+00 1.054100e-14 -4.010540e-15 -3.597120e-14
171 8.502820e+00 1.863260e+01 7.326570e+00 -1.870730e-14 -5.055490e-15 4.124480e-14
174 8.502820e+00 1.610020e+01 9.377860e+00 -1.248200e-14 -3.748720e-14 1.743050e-14
175 8.502820e+00 1.863260e+01 1.006160e+01 -5.609440e-15 3.691200e-14 -1.015850e-14
272 1.103530e+01 1.863260e+01 8.010340e+00 -1.517210e-15 2.650660e-14 -3.308460e-14
273 1.103530e+01 1.610020e+01 8.694100e+00 1.363760e-14 -3.341900e-14 2.431390e-14
271 1.356770e+01 1.863260e+01 7.326570e+00 2.259300e-14 1.796080e-15 4.890530e-14
274 1.356770e+01 1.610020e+01 9.377860e+00 -2.477730e-15 -3.202930e-14 -6.600280e-14
275 1.356770e+01 1.863260e+01 1.006160e+01 -2.419790e-14 6.438830e-14 -7.216450e-15
371 1.863260e+01 1.863260e+01 7.326570e+00 -2.775560e-17 3.667730e-15 2.342570e-14
372 1.610020e+01 1.863260e+01 8.010340e+00 -4.744110e-14 -4.107830e-15 -6.866730e-14
373 1.610020e+01 1.610020e+01 8.694100e+00 -2.276770e-14 -5.156350e-14 -1.837420e-14
374 1.863260e+01 1.610020e+01 9.377860e+00 -1.640830e-14 -4.183730e-14 3.158580e-14
375 1.863260e+01 1.863260e+01 1.006160e+01 1.547180e-15 9.930220e-15 1.282310e-14
472 2.116510e+01 1.863260e+01 8.010340e+00 1.075830e-14 -4.080070e-15 -2.942090e-14
473 2.116510e+01 1.610020e+01 8.694100e+00 2.328400e-14 -4.141950e-14 -3.541610e-14
471 2.369750e+01 1.863260e+01 7.326570e+00 2.808860e-14 2.070780e-14 4.246600e-14
474 2.369750e+01 1.610020e+01 9.377860e+00 4.130030e-14 -4.321210e-14 2.547960e-14
475 2.369750e+01 1.863260e+01 1.006160e+01 6.087860e-14 2.851480e-15 9.325870e-15
93 9.054610e-01 2.116510e+01 8.694100e+00 -8.701460e-15 2.641250e-14 -3.219650e-14
94 3.437920e+00 2.116510e+01 9.377860e+00 1.215830e-15 3.202670e-14 -5.551120e-15
193 5.970370e+00 2.116510e+01 8.694100e+00 -1.504690e-14 -9.113700e-15 -2.503550e-14
194 8.502820e+00 2.116510e+01 9.377860e+00 6.114420e-15 5.879040e-15 1.071370e-14
293 1.103530e+01 2.116510e+01 8.694100e+00 -1.045740e-14 6.140120e-14 9.880980e-15
294 1.356770e+01 2.116510e+01 9.377860e+00 2.386190e-14 1.539670e-14 2.009500e-14
393 1.610020e+01 2.116510e+01 8.694100e+00 -4.659120e-14 1.959400e-14 5.595520e-14
394 1.863260e+01 2.116510e+01 9.377860e+00 4.552690e-15 2.504820e-14 2.553510e-15
493 2.116510e+01 2.116510e+01 8.694100e+00 6.290730e-14 2.580510e-14 1.337820e-14
494 2.369750e+01 2.116510e+01 9.377860e+00 -4.385380e-15 1.909560e-14 -2.314820e-14
91 3.437920e+00 2.369750e+01 7.326570e+00 6.503110e-15 3.114180e-14 -5.440090e-15
92 9.054610e-01 2.369750e+01 8.010340e+00 -5.079270e-15 5.919380e-14 2.170490e-14
95 3.437920e+00 2.369750e+01 1.006160e+01 6.175620e-16 3.688720e-14 -8.493210e-15
192 5.970370e+00 2.369750e+01 8.010340e+00 -7.590200e-15 5.101470e-14 2.553510e-15
191 8.502820e+00 2.369750e+01 7.326570e+00 -8.474360e-15 1.412760e-14 2.636780e-14
195 8.502820e+00 2.369750e+01 1.006160e+01 -1.337460e-14 2.678410e-14 -2.997600e-14
292 1.103530e+01 2.369750e+01 8.010340e+00 -2.920220e-15 -7.008280e-14 -2.892130e-14
291 1.356770e+01 2.369750e+01 7.326570e+00 -1.339230e-14 9.159340e-15 3.108620e-14
295 1.356770e+01 2.369750e+01 1.006160e+01 2.570330e-14 -4.260480e-14 4.773960e-15
391 1.863260e+01 2.369750e+01 7.326570e+00 -1.554300e-14 2.317590e-14 1.887380e-14
392 1.610020e+01 2.369750e+01 8.010340e+00 -2.645470e-14 3.927410e-14 3.191890e-14
395 1.863260e+01 2.369750e+01 1.006160e+01 -1.722050e-14 3.527730e-14 -2.942090e-15
492 2.116510e+01 2.369750e+01 8.010340e+00 8.613490e-14 1.573740e-14 8.160140e-15
491 2.369750e+01 2.369750e+01 7.326570e+00 -1.574430e-14 2.389760e-14 2.448040e-14
495 2.369750e+01 2.369750e+01 1.006160e+01 2.511190e-15 4.268810e-14 -2.114970e-14
16 9.054610e-01 3.437920e+00 1.074540e+01 -4.496400e-15 -2.267340e-14 -3.735900e-14
17 9.054610e-01 9.054610e-01 1.142920e+01 7.506320e-15 -2.209340e-14 -1.815210e-14
18 3.437920e+00 9.054610e-01 1.211290e+01 -6.332340e-15 -2.786090e-15 -1.104670e-14
19 3.437920e+00 3.437920e+00 1.279670e+01 -1.814580e-15 -1.112680e-14 -1.776360e-15
20 9.054610e-01 3.437920e+00 1.348040e+01 -4.551910e-15 6.047250e-15 4.229950e-14
116 5.970370e+00 3.437920e+00 1.074540e+01 -1.607630e-14 1.165730e-15 9.992010e-15
117 5.970370e+00 9.054610e-01 1.142920e+01 -2.064360e-14 3.747000e-15 -5.639930e-14
120 5.970370e+00 3.437920e+00 1.348040e+01 -4.369060e-15 -1.049160e-14 -1.387780e-15
118 8.502820e+00 9.054610e-01 1.211290e+01 1.992370e-14 -3.431900e-15 1.154630e-14
119 8.502820e+00 3.437920e+00 1.279670e+01 2.714680e-16 -7.524450e-15 4.940490e-15
216 1.103530e+01 3.437920e+00 1.074540e+01 -1.741070e-14 7.549520e-15 -1.343370e-14
217 1.103530e+01 9.054610e-01 1.142920e+01 -1.798760e-14 -2.034480e-14 -8.937300e-15
220 1.103530e+01 3.437920e+00 1.348040e+01 -2.029230e-14 -1.007530e-14 -4.052310e-15
218 1.356770e+01 9.054610e-01 1.211290e+01 2.152840e-14 -1.027070e-14 1.137980e-14
219 1.356770e+01 3.437920e+00 1.279670e+01 3.414920e-14 -1.189920e-14 -6.106230e-15
316 1.610020e+01 3.437920e+00 1.074540e+01 -3.212460e-14 4.773960e-15 -8.937300e-15
317 1.610020e+01 9.054610e-01 1.142920e+01 -4.492340e-14 -9.908740e-15 3.896880e-14
318 1.863260e+01 9.054610e-01 1.211290e+01 -1.329090e-14 -1.615560e-14 1.110220e-16
319 1.863260e+01 3.437920e+00 1.279670e+01 1.235040e-14 -5.406360e-15 -2.625680e-14
320 1.610020e+01 3.437920e+00 1.348040e+01 -4.984110e-14 -2.414740e-15 -2.226000e-14
416 2.116510e+01 3.437920e+00 1.074540e+01 3.573690e-14 -2.012280e-14 -3.025360e-14
417 2.116510e+01 9.054610e-01 1.142920e+01 2.929390e-14 -1.679210e-14 -1.149080e-14
420 2.116510e+01 3.437920e+00 1.348040e+01 2.887330e-14 8.271160e-15 2.442490e-15
418 2.369750e+01 9.054610e-01 1.211290e+01 1.865170e-14 -1.408020e-14 1.343370e-14
419 2.369750e+01 3.437920e+00 1.279670e+01 7.234990e-15 -1.127240e-14 -2.031710e-14
37 9.054610e-01 5.970370e+00 1.142920e+01 -7.714620e-15 -9.638870e-15 2.042810e-14
38 3.437920e+00 5.970370e+00 1.211290e+01 -2.500370e-14 1.543440e-14 -1.487700e-14
137 5.970370e+00 5.970370e+00 1.142920e+01 6.064900e-16 -5.750060e-15 -3.380630e-14
138 8.502820e+00 5.970370e+00 1.211290e+01 1.150510e-14 -2.152760e-14 -3.030910e-14
237 1.103530e+01 5.970370e+00 1.142920e+01 -2.162090e-14 -9.780700e-15 2.925440e-14
238 1.356770e+01 5.970370e+00 1.211290e+01 3.888360e-14 -5.265910e-15 -4.779510e-14
337 1.610020e+01 5.970370e+00 1.142920e+01 -6.215490e-14 -4.292650e-15 1.948440e-14
338 1.863260e+01 5.970370e+00 1.211290e+01 1.884200e-15 1.710140e-14 -2.103870e-14
437 2.116510e+01 5.970370e+00 1.142920e+01 2.910190e-14 -1.300750e-14 1.110220e-16
438 2.369750e+01 5.970370e+00 1.211290e+01 3.005930e-14 -9.356840e-15 -4.413140e-14
36 9.054610e-01 8.502820e+00 1.074540e+01 -5.689890e-15 7.888210e-15 -2.631230e-14
39 3.437920e+00 8.502820e+00 1.279670e+01 6.305970e-15 2.022640e-14 -4.007910e-14
40 9.054610e-01 8.502820e+00 1.348040e+01 -4.440890e-16 1.488110e-14 2.614580e-14
57 9.054610e-01 1.103530e+01 1.142920e+01 -1.645530e-14 -8.379740e-15 6.661340e-15
58 3.437920e+00 1.103530e+01 1.211290e+01 -1.817580e-14 -4.599670e-14 6.494800e-15
136 5.970370e+00 8.502820e+00 1.074540e+01 -1.249500e-15 -3.516630e-14 -1.110220e-14
140 5.970370e+00 8.502820e+00 1.348040e+01 -2.842480e-14 -1.029730e-14 -1.187940e-14
157 5.970370e+00 1.103530e+01 1.142920e+01 -3.641570e-15 8.657460e-16 -5.384580e-15
139 8.502820e+00 8.502820e+00 1.279670e+01 1.591350e-14 4.848780e-16 -1.715290e-14
158 8.502820e+00 1.103530e+01 1.211290e+01 1.807000e-14 2.861400e-15 3.774760e-15
236 1.103530e+01 8.502820e+00 1.074540e+01 9.629890e-15 9.853230e-15 -2.992050e-14
240 1.103530e+01 8.502820e+00 1.348040e+01 -3.797540e-14 8.881780e-16 2.059460e-14
257 1.103530e+01 1.103530e+01 1.142920e+01 -2.393800e-14 -4.299700e-15 -3.702590e-14
239 1.356770e+01 8.502820e+00 1.279670e+01 4.002040e-14 9.638580e-15 -2.015050e-14
258 1.356770e+01 1.103530e+01 1.211290e+01 -1.555240e-14 -2.928160e-14 5.828670e-15
336 1.610020e+01 8.502820e+00 1.074540e+01 -2.147570e-14 -1.018630e-14 -1.931790e-14
339 1.863260e+01 8.502820e+00 1.279670e+01 -4.372470e-15 -6.291080e-15 -3.730350e-14
340 1.610020e+01 8.502820e+00 1.348040e+01 -5.297620e-14 7.605030e-15 -1.165730e-14
357 1.610020e+01 1.103530e+01 1.142920e+01 5.328800e-14 -1.002930e-14 3.214100e-14
358 1.863260e+01 1.103530e+01 1.211290e+01 -5.347030e-14 -2.528970e-14 -3.347320e-14
436 2.116510e+01 8.502820e+00 1.074540e+01 4.671350e-14 2.131630e-14 -7.882580e-15
440 2.116510e+01 8.502820e+00 1.348040e+01 2.230890e-14 -9.076070e-15 4.873880e-14
457 2.116510e+01 1.103530e+01 1.142920e+01 2.692870e-14 -3.539790e-14 -1.659780e-14
439 2.369750e+01 8.502820e+00 1.279670e+01 2.853930e-14 -3.097850e-15 -1.049160e-14
458 2.369750e+01 1.103530e+01 1.211290e+01 3.769210e-14 -9.762720e-15 -3.830270e-14
56 9.054610e-01 1.356770e+01 1.074540e+01 -4.912740e-15 2.575220e-15 -3.330670e-16
59 3.437920e+00 1.356770e+01 1.279670e+01 -7.995910e-15 5.860850e-15 -7.771560e-16
60 9.054610e-01 1.356770e+01 1.348040e+01 4.274360e-15 6.240180e-15 2.126080e-14
156 5.970370e+00 1.356770e+01 1.074540e+01 -8.337550e-15 -1.576520e-14 -1.587620e-14
160 5.970370e+00 1.356770e+01 1.348040e+01 -1.263840e-14 -5.273560e-15 2.192690e-14
159 8.502820e+00 1.356770e+01 1.279670e+01 2.905800e-14 -9.738440e-15 -2.614580e-14
256 1.103530e+01 1.356770e+01 1.074540e+01 -1.925510e-14 5.384580e-15 3.536060e-14
260 1.103530e+01 1.356770e+01 1.348040e+01 -3.082760e-14 -1.670890e-14 4.718450e-15
259 1.356770e+01 1.356770e+01 1.279670e+01 2.267480e-15 -1.066410e-14 1.759700e-14
356 1.610020e+01 1.356770e+01 1.074540e+01 -2.318040e-14 1.321170e-14 -4.168890e-14
359 1.863260e+01 1.356770e+01 1.279670e+01 1.263880e-14 1.392720e-14 -4.279910e-14
360 1.610020e+01 1.356770e+01 1.348040e+01 -6.554760e-14 -3.830270e-15 2.597920e-14
456 2.116510e+01 1.356770e+01 1.074540e+01 5.248900e-14 2.067790e-14 -5.273560e-15
460 2.116510e+01 1.356770e+01 1.348040e+01 1.288430e-14 1.834640e-14 1.587620e-14
459 2.369750e+01 1.356770e+01 1.279670e+01 3.163620e-14 1.470860e-14 -1.626480e-14
76 9.054610e-01 1.863260e+01 1.074540e+01 -4.635180e-15 -2.023040e-14 -2.275960e-14
77 9.054610e-01 1.610020e+01 1.142920e+01 2.295640e-15 -2.330770e-14 2.275960e-14
78 3.437920e+00 1.610020e+01 1.211290e+01 -3.360880e-15 -1.944240e-14 -1.265650e-14
79 3.437920e+00 1.863260e+01 1.279670e+01 -6.724360e-15 -1.536590e-14 -5.606630e-15
80 9.054610e-01 1.863260e+01 1.348040e+01 5.995200e-15 -9.686780e-15 -2.298160e-14
176 5.970370e+00 1.863260e+01 1.074540e+01 -2.498460e-14 7.616130e-14 -1.681990e-14
177 5.970370e+00 1.610020e+01 1.142920e+01 -9.778980e-15 -4.686200e-14 4.074520e-14
180 5.970370e+00 1.863260e+01 1.348040e+01 -4.694670e-15 5.698220e-14 1.837420e-14
178 8.502820e+00 1.610020e+01 1.211290e+01 -2.327100e-14 -4.056560e-14 -3.330670e-16
179 8.502820e+00 1.863260e+01 1.279670e+01 -4.155200e-14 1.083960e-14 -8.437690e-15
276 1.103530e+01 1.863260e+01 1.074540e+01 4.182840e-15 2.386980e-14 -1.826320e-14
277 1.103530e+01 1.610020e+01 1.142920e+01 -4.510600e-15 -6.449590e-14 -2.697840e-14
280 1.103530e+01 1.863260e+01 1.348040e+01 1.586030e-14 2.525760e-14 3.774760e-15
278 1.356770e+01 1.610020e+01 1.211290e+01 -3.144190e-14 -4.145410e-14 -2.681190e-14
279 1.356770e+01 1.863260e+01 1.279670e+01 -1.946990e-14 1.123940e-14 1.459940e-14
376 1.610020e+01 1.863260e+01 1.074540e+01 1.169970e-14 -3.802510e-15 1.282310e-14
377 1.610020e+01 1.610020e+01 1.142920e+01 2.993340e-14 -1.794900e-14 -1.604270e-14
378 1.863260e+01 1.610020e+01 1.211290e+01 -3.427570e-14 -2.675310e-14 -2.570170e-14
379 1.863260e+01 1.863260e+01 1.279670e+01 2.866990e-15 1.110890e-14 -4.496400e-15
380 1.610020e+01 1.863260e+01 1.348040e+01 -2.126580e-14 1.221250e-14 -5.218050e-15
476 2.116510e+01 1.863260e+01 1.074540e+01 -5.514610e-16 2.500780e-14 -2.037260e-14
477 2.116510e+01 1.610020e+01 1.142920e+01 2.063110e-14 -4.638700e-14 -3.330670e-15
480 2.116510e+01 1.863260e+01 1.348040e+01 2.542030e-15 1.920690e-14 1.632030e-14
478 2.369750e+01 1.610020e+01 1.211290e+01 3.744230e-14 -2.197940e-14 -9.436900e-15
479 2.369750e+01 1.863260e+01 1.279670e+01 4.017570e-14 3.541730e-16 -1.637580e-14
97 9.054610e-01 2.116510e+01 1.142920e+01 1.023620e-14 6.091580e-14 6.550320e-15
98 3.437920e+00 2.116510e+01 1.211290e+01 -3.307410e-15 3.093960e-14 -5.306870e-14
197 5.970370e+00 2.116510e+01 1.142920e+01 -2.386040e-14 -3.152650e-14 -2.459140e-14
198 8.502820e+00 2.116510e+01 1.211290e+01 -1.265000e-14 2.291310e-14 -6.661340e-15
297 1.103530e+01 2.116510e+01 1.142920e+01 1.551650e-14 2.658070e-14 -2.775560e-15
298 1.356770e+01 2.116510e+01 1.211290e+01 -1.035810e-14 3.065000e-14 -4.529710e-14
397 1.610020e+01 2.116510e+01 1.142920e+01 -6.370880e-14 5.982920e-15 3.030910e-14
398 1.863260e+01 2.116510e+01 1.211290e+01 5.887180e-14 1.456080e-14 -3.225200e-14
497 2.116510e+01 2.116510e+01 1.142920e+01 -2.432940e-14 3.204620e-14 -1.793010e-14
498 2.369750e+01 2.116510e+01 1.211290e+01 3.838600e-14 2.467800e-14 -3.713700e-14
96 9.054610e-01 2.369750e+01 1.074540e+01 6.467050e-15 3.507540e-14 1.687540e-14
99 3.437920e+00 2.369750e+01 1.279670e+01 -1.649460e-16 2.398080e-14 -9.769960e-15
100 9.054610e-01 2.369750e+01 1.348040e+01 -1.129650e-14 4.671940e-14 -2.825520e-14
196 5.970370e+00 2.369750e+01 1.074540e+01 -1.525680e-14 3.130830e-14 1.465490e-14
200 5.970370e+00 2.369750e+01 1.348040e+01 -1.428150e-14 -3.963500e-14 -2.103870e-14
199 8.502820e+00 2.369750e+01 1.279670e+01 1.331600e-14 2.109420e-14 -1.831870e-15
296 1.103530e+01 2.369750e+01 1.074540e+01 -9.092620e-15 -1.360020e-15 4.030110e-14
300 1.103530e+01 2.369750e+01 1.348040e+01 -2.037480e-14 2.162160e-14 -8.715250e-15
299 1.356770e+01 2.369750e+01 1.279670e+01 1.000540e-14 4.091170e-14 -2.131630e-14
396 1.610020e+01 2.369750e+01 1.074540e+01 -9.324040e-15 2.756130e-14 -4.901630e-14
399 1.863260e+01 2.369750e+01 1.279670e+01 1.143780e-14 2.431390e-14 -2.509100e-14
400 1.610020e+01 2.369750e+01 1.348040e+01 -1.359940e-14 2.869930e-14 -2.964300e-14
496 2.116510e+01 2.369750e+01 1.074540e+01 2.039150e-14 1.831870e-14 1.215690e-14
500 2.116510e+01 2.369750e+01 1.348040e+01 9.546310e-15 1.837420e-14 2.331470e-14
499 2.369750e+01 2.369750e+01 1.279670e+01 3.477820e-14 3.630430e-14 -1.115770e-14
