0.000000
0.038375
0.076751
0.115126
0.153501
0.191877
0.230252
0.268627
0.307003
0.345378
0.383753
0.422129
0.460504
0.498879
0.537255
0.575630
0.614005
0.652381
0.690756
0.729131
0.767507
0.805882
0.844257
0.882633
0.921008
0.959383
0.997759
1.036134
1.074509
1.112885
1.151260
1.189636
1.228011
1.266386
1.304762
1.343137
1.381512
1.419888
1.458263
1.496638
1.535014
1.573389
1.611764
1.650140
1.688515
1.726890
1.765266
1.803641
1.842016
1.880392
1.918767
1.957142
1.995518
2.033893
2.072268
2.110644
2.149019
2.187394
2.225770
2.264145
2.302520
2.340896
2.379271
2.417646
2.456022
2.494397
2.532772
2.571148
2.609523
2.647898
2.686274
2.724649
2.763024
2.801400
2.839775
2.878150
2.916526
2.954901
2.993276
3.031652
3.070027
3.108402
3.146778
3.185153
3.223528
3.261904
3.300279
3.338654
3.377030
3.415405
3.453780
3.492156
3.530531
3.568907
3.607282
3.645657
3.684033
3.722408
3.760783
3.799159
3.837534
