0.000000
0.066468
0.132936
0.199404
0.265872
0.332340
0.398808
0.465276
0.531744
0.598212
0.664680
0.731148
0.797616
0.864084
0.930553
0.997021
1.063489
1.129957
1.196425
1.262893
1.329361
1.395829
1.462297
1.528765
1.595233
1.661701
1.728169
1.794637
1.861105
1.927573
1.994041
2.060509
2.126977
2.193445
2.259913
2.326381
2.392849
2.459317
2.525785
2.592253
2.658721
2.725190
2.791658
2.858126
2.924594
2.991062
3.057530
3.123998
3.190466
3.256934
3.323402
3.389870
3.456338
3.522806
3.589274
3.655742
3.722210
3.788678
3.855146
3.921614
3.988082
4.054550
4.121018
4.187486
4.253954
4.320422
4.386890
4.453358
4.519826
4.586295
4.652763
4.719231
4.785699
4.852167
4.918635
4.985103
5.051571
5.118039
5.184507
5.250975
5.317443
5.383911
5.450379
5.516847
5.583315
5.649783
5.716251
5.782719
5.849187
5.915655
5.982123
6.048591
6.115059
6.181527
6.247995
6.314463
6.380932
6.447400
6.513868
6.580336
6.646804
