 		-1.64985603441907291433		 
 		-7.47000001318993778199		 
 		-7.47000001318993778199		 
 		-7.47000001318993778199		 
 		-7.47000001318993778199		 
 		-7.47000001318993778199		 
 		-7.47000001318993778199		 
 		-7.47000001318993778199		 
 		-7.47000001318993778199		 
 		-7.47000001318993778199		 
 		                 inf		 
 		                 inf		 
 		                 inf		 
 		                 inf		 
 		                 inf		 
 		                 inf		 
 		                 inf		 
 		                 inf		 
 		                 inf		 
 		-1.64983886087367115358		 
 		-1.64983886087367115358		 
 		-1.64983886087367115358		 
 		-1.64983886087367115358		 
 		-1.64983886087367115358		 
 		-1.64983886087367115358		 
 		-1.64983886087367115358		 
 		-1.64983886087367115358		 
 		-1.64983886087367115358		 
 		                 inf		 
 		                 inf		 
 		                 inf		 
 		                 inf		 
 		                 inf		 
 		                 inf		 
 		                 inf		 
 		                 inf		 
 		                 inf		 
 		-1.64974555613672491106		 
 		-1.64974555613672491106		 
 		-1.64974555613672491106		 
 		-1.64974555613672491106		 
 		-1.64974555613672491106		 
 		-1.64974555613672491106		 
 		-1.64974555613672491106		 
 		-1.64974555613672491106		 
 		-1.64974555613672491106		 
 		-7.47000000665044350256		 
 		-7.47000000665044350256		 
 		-7.47000000665044350256		 
 		-7.47000000665044350256		 
 		-7.47000000665044350256		 
 		-7.47000000665044350256		 
 		-7.47000000665044350256		 
 		-7.47000000665044350256		 
 		-7.47000000665044350256		 
 		-7.47000000665044350256		 
 		-7.47000000665044350256		 
 		-7.47000000665044350256		 
 		-7.47000000665044350256		 
 		-7.47000000665044350256		 
 		-7.47000000665044350256		 
 		-7.47000000665044350256		 
 		-7.47000000665044350256		 
 		-7.47000000665044350256		 
 		-7.47000000665044350256		 
 		-7.47000000665044350256		 
 		-7.47000000665044350256		 
 		-7.47000000665044350256		 
 		-7.47000000665044350256		 
 		-7.47000000665044350256		 
 		-7.47000000665044350256		 
 		-7.47000000665044350256		 
 		-7.47000000665044350256		 
 		-7.47000000665044350256		 
 		-7.47000000665044350256		 
 		-7.47000000665044350256		 
 		-7.47000000665044350256		 
 		-7.47000000665044350256		 
 		-7.47000000665044350256		 
 		-7.47000000665044350256		 
 		-7.47000000665044350256		 
 		-7.47000000665044350256		 
 		-7.47000000665044350256		 
 		-7.47000000665044350256		 
 		-7.47000000665044350256		 
 		-7.47000000665044350256		 
 		-7.47000000665044350256		 
 		-7.47000000665044350256		 
 		-7.47000000665044350256		 
 		-7.47000000665044350256		 
 		-7.47000000665044350256		 
 		-7.47000000665044350256		 
 		-7.47000000665044350256		 
 		-7.47000000665044350256		 
 		-7.47000000665044350256		 
 		-7.47000000665044350256		 
 		-7.47000000665044350256		 
 		-7.47000000665044350256		 
 		-7.47000000665044350256		 
 		-7.47000000665044350256		 
 		-7.47000000665044350256		 
 		-7.47000000665044350256		 
 		-7.47000000665044350256		 
 		-7.47000000665044350256		 
 		-7.47000000665044350256		 
 		-7.47000001318993778199		 
 		-7.47000001318993778199		 
 		-7.47000001318993778199		 
 		-7.47000001318993778199		 
 		-7.47000001318993778199		 
 		-7.47000001318993778199		 
 		-7.47000001318993778199		 
 		-7.47000001318993778199		 
 		-7.47000001318993778199		 
 		-7.47000001318993778199		 
 		-7.47000001318993778199		 
 		-7.47000001318993778199		 
 		-7.47000001318993778199		 
 		-7.47000001318993778199		 
 		-7.47000001318993778199		 
 		-7.47000001318993778199		 
 		-7.47000001318993778199		 
 		-7.47000001318993778199		 
 		-7.47000000665044350256		 
 		-7.47000000665044350256		 
 		-7.47000000665044350256		 
 		-7.47000000665044350256		 
 		-7.47000000665044350256		 
 		-7.47000000665044350256		 
 		-7.47000000665044350256		 
 		-7.47000000665044350256		 
 		-7.47000000665044350256		 
 		-7.47000000886438719760		 
 		-7.47000000886438719760		 
 		-7.47000000886438719760		 
 		-7.47000000886438719760		 
 		-7.47000000886438719760		 
 		-7.47000000886438719760		 
 		-7.47000000886438719760		 
 		-7.47000000886438719760		 
 		-7.47000000886438719760		 
 		-7.47000000818796205948		 
 		-7.47000000818796205948		 
 		-7.47000000818796205948		 
 		-7.47000000818796205948		 
 		-7.47000000818796205948		 
 		-7.47000000818796205948		 
 		-7.47000000818796205948		 
 		-7.47000000818796205948		 
 		-7.47000000818796205948		 
 		-7.47000000560489407775		 
 		-7.47000000560489407775		 
 		-7.47000000560489407775		 
 		-7.47000000560489407775		 
 		-7.47000000560489407775		 
 		-7.47000000560489407775		 
 		-7.47000000560489407775		 
 		-7.47000000560489407775		 
 		-7.47000000560489407775		 
 		-7.47000001318993778199		 
 		-7.47000001318993778199		 
 		-7.47000001318993778199		 
 		-7.47000001318993778199		 
 		-7.47000001318993778199		 
 		-7.47000001318993778199		 
 		-7.47000001318993778199		 
 		-7.47000001318993778199		 
 		-7.47000001318993778199		 
 		-7.47000001318993778199		 
 		-7.47000001318993778199		 
 		-7.47000001318993778199		 
 		-7.47000001318993778199		 
 		-7.47000001318993778199		 
 		-7.47000001318993778199		 
 		-7.47000001318993778199		 
 		-7.47000001318993778199		 
 		-7.47000001318993778199		 
 		-7.47000001000427538145		 
 		-7.47000001000427538145		 
 		-7.47000001000427538145		 
 		-7.47000001000427538145		 
 		-7.47000001000427538145		 
 		-7.47000001000427538145		 
 		-7.47000001000427538145		 
 		-7.47000001000427538145		 
 		-7.47000001000427538145		 
 		-7.47000000886438719760		 
 		-7.47000000886438719760		 
 		-7.47000000886438719760		 
 		-7.47000000886438719760		 
 		-7.47000000886438719760		 
 		-7.47000000886438719760		 
 		-7.47000000886438719760		 
 		-7.47000000886438719760		 
 		-7.47000000886438719760		 
 		-7.47000015625294988553		 
 		-7.47000015625294988553		 
 		-7.47000015625294988553		 
 		-7.47000015625294988553		 
 		-7.47000015625294988553		 
 		-7.47000015625294988553		 
 		-7.47000015625294988553		 
 		-7.47000015625294988553		 
 		-7.47000015625294988553		 
 		-7.47000020649120610727		 
 		-7.47000020649120610727		 
 		-7.47000020649120610727		 
 		-7.47000020649120610727		 
 		-7.47000020649120610727		 
 		-7.47000020649120610727		 
 		-7.47000020649120610727		 
 		-7.47000020649120610727		 
 		-7.47000020649120610727		 
 		-7.47054079489646838397		 
 		-7.47054079489646838397		 
 		-7.47054079489646838397		 
 		-7.47054079489646838397		 
 		-7.47054079489646838397		 
 		-7.47054079489646838397		 
 		-7.47054079489646838397		 
 		-7.47054079489646838397		 
 		-7.47054079489646838397		 
 		-7.47031788515423134101		 
 		-7.47031788515423134101		 
 		-7.47031788515423134101		 
 		-7.47031788515423134101		 
 		-7.47031788515423134101		 
 		-7.47031788515423134101		 
 		-7.47031788515423134101		 
 		-7.47031788515423134101		 
 		-7.47031788515423134101		 
 		-7.47058908809275035168		 
 		-7.47058908809275035168		 
 		-7.47058908809275035168		 
 		-7.47058908809275035168		 
 		-7.47058908809275035168		 
 		-7.47058908809275035168		 
 		-7.47058908809275035168		 
 		-7.47058908809275035168		 
 		-7.47058908809275035168		 
 		-7.47038568366693134237		 
 		-7.47038568366693134237		 
 		-7.47038568366693134237		 
 		-7.47038568366693134237		 
 		-7.47038568366693134237		 
 		-7.47038568366693134237		 
 		-7.47038568366693134237		 
 		-7.47038568366693134237		 
 		-7.47038568366693134237		 
 		-7.47025008812271895664		 
 		-7.47025008812271895664		 
 		-7.47025008812271895664		 
 		-7.47025008812271895664		 
 		-7.47025008812271895664		 
 		-7.47025008812271895664		 
 		-7.47025008812271895664		 
 		-7.47025008812271895664		 
 		-7.47025008812271895664		 
 		-7.47058908809275035168		 
 		-7.47058908809275035168		 
 		-7.47058908809275035168		 
 		-7.47058908809275035168		 
 		-7.47058908809275035168		 
 		-7.47058908809275035168		 
 		-7.47058908809275035168		 
 		-7.47058908809275035168		 
 		-7.47058908809275035168		 
 		-7.47094759904993743760		 
 		-7.47094759904993743760		 
 		-7.47094759904993743760		 
 		-7.47094759904993743760		 
 		-7.47094759904993743760		 
 		-7.47094759904993743760		 
 		-7.47094759904993743760		 
 		-7.47094759904993743760		 
 		-7.47094759904993743760		 
 		-7.47072469858432519629		 
 		-7.47072469858432519629		 
 		-7.47072469858432519629		 
 		-7.47072469858432519629		 
 		-7.47072469858432519629		 
 		-7.47072469858432519629		 
 		-7.47072469858432519629		 
 		-7.47072469858432519629		 
 		-7.47072469858432519629		 
 		-7.47072469858432519629		 
 		-7.47072469858432519629		 
 		-7.47072469858432519629		 
 		-7.47072469858432519629		 
 		-7.47072469858432519629		 
 		-7.47072469858432519629		 
 		-7.47072469858432519629		 
 		-7.47072469858432519629		 
 		-7.47072469858432519629		 
 		-7.47072469858432519629		 
 		-7.47072469858432519629		 
 		-7.47072469858432519629		 
 		-7.47072469858432519629		 
 		-7.47072469858432519629		 
 		-7.47072469858432519629		 
 		-7.47072469858432519629		 
 		-7.47072469858432519629		 
 		-7.47072469858432519629		 
 		-7.47072469858432519629		 
 		-7.47072469858432519629		 
 		-7.47072469858432519629		 
 		-7.47072469858432519629		 
 		-7.47072469858432519629		 
 		-7.47072469858432519629		 
 		-7.47072469858432519629		 
 		-7.47072469858432519629		 
 		-7.47072469858432519629		 
 		-7.47072469858432519629		 
 		-7.47072469858432519629		 
 		-7.47072469858432519629		 
 		-7.47072469858432519629		 
 		-7.47072469858432519629		 
 		-7.47072469858432519629		 
 		-7.47072469858432519629		 
 		-7.47072469858432519629		 
 		-7.47072469858432519629		 
 		-7.47072469858432519629		 
 		-7.47072469858432519629		 
 		-7.47072469858432519629		 
 		-7.47072469858432519629		 
 		-7.47072469858432519629		 
 		-7.47072469858432519629		 
 		-7.47072469858432519629		 
 		-7.47072469858432519629		 
 		-7.47072469858432519629		 
 		-7.47072469858432519629		 
 		-7.47072469858432519629		 
 		-7.47072469858432519629		 
 		-7.47072469858432519629		 
 		-7.47072469858432519629		 
 		-7.47072469858432519629		 
 		-7.47072469858432519629		 
 		-7.47072469858432519629		 
 		-7.47072469858432519629		 
 		-7.47072469858432519629		 
 		-7.47072469858432519629		 
 		-7.47072469858432519629		 
 		-7.47072469858432519629		 
 		-7.47072469858432519629		 
 		-7.47072469858432519629		 
 		-7.47072469858432519629		 
 		-7.47072469858432519629		 
 		-7.47072469858432519629		 
 		-7.47072469858432519629		 
 		-7.47072469858432519629		 
 		-7.47072469858432519629		 
 		-7.47072469858432519629		 
 		-7.47072469858432519629		 
 		-7.47072469858432519629		 
 		-7.47072469858432519629		 
 		-7.47072469858432519629		 
 		-7.47072469858432519629		 
 		-7.47072469858432519629		 
 		-7.47072469858432519629		 
 		-7.47072469858432519629		 
 		-7.47072469858432519629		 
 		-7.47072469858432519629		 
 		-7.47072469858432519629		 
 		-7.47072469858432519629		 
 		-7.47072469858432519629		 
 		-7.47072469858432519629		 
 		-7.47072469858432519629		 
 		-7.47072469858432519629		 
 		-7.47072469858432519629		 
 		-7.47072469858432519629		 
 		-7.47072469858432519629		 
 		-7.47072469858432519629		 
 		-7.47072469858432519629		 
 		-7.47072469858432519629		 
 		-7.47072469858432519629		 
 		-7.47094759904993743760		 
 		-7.47094759904993743760		 
 		-7.47094759904993743760		 
 		-7.47094759904993743760		 
 		-7.47094759904993743760		 
 		-7.47094759904993743760		 
 		-7.47094759904993743760		 
 		-7.47094759904993743760		 
 		-7.47094759904993743760		 
 		-7.47000017254629966601		 
 		-7.47000017254629966601		 
 		-7.47000017254629966601		 
 		-7.47000017254629966601		 
 		-7.47000017254629966601		 
 		-7.47000017254629966601		 
 		-7.47000017254629966601		 
 		-7.47000017254629966601		 
 		-7.47000017254629966601		 
 		-7.47515150105265657743		 
 		-7.47515150105265657743		 
 		-7.47515150105265657743		 
 		-7.47515150105265657743		 
 		-7.47515150105265657743		 
 		-7.47515150105265657743		 
 		-7.47515150105265657743		 
 		-7.47515150105265657743		 
 		-7.47515150105265657743		 
 		-7.47094760415336889281		 
 		-7.47094760415336889281		 
 		-7.47094760415336889281		 
 		-7.47094760415336889281		 
 		-7.47094760415336889281		 
 		-7.47094760415336889281		 
 		-7.47094760415336889281		 
 		-7.47094760415336889281		 
 		-7.47094760415336889281		 
 		-7.49383256488591875666		 
 		-7.49383256488591875666		 
 		-7.49383256488591875666		 
 		-7.49383256488591875666		 
 		-7.49383256488591875666		 
 		-7.49383256488591875666		 
 		-7.49383256488591875666		 
 		-7.49383256488591875666		 
 		-7.49383256488591875666		 
 		-7.47706388365407459418		 
 		-7.47706388365407459418		 
 		-7.47706388365407459418		 
 		-7.47706388365407459418		 
 		-7.47706388365407459418		 
 		-7.47706388365407459418		 
 		-7.47706388365407459418		 
 		-7.47706388365407459418		 
 		-7.47706388365407459418		 
 		-7.47488881623718715019		 
 		-7.47488881623718715019		 
 		-7.47488881623718715019		 
 		-7.47488881623718715019		 
 		-7.47488881623718715019		 
 		-7.47488881623718715019		 
 		-7.47488881623718715019		 
 		-7.47488881623718715019		 
 		-7.47488881623718715019		 
 		-7.47065605210289351845		 
 		-7.47065605210289351845		 
 		-7.47065605210289351845		 
 		-7.47065605210289351845		 
 		-7.47065605210289351845		 
 		-7.47065605210289351845		 
 		-7.47065605210289351845		 
 		-7.47065605210289351845		 
 		-7.47065605210289351845		 
 		-7.47488881623718715019		 
 		-7.47488881623718715019		 
 		-7.47488881623718715019		 
 		-7.47488881623718715019		 
 		-7.47488881623718715019		 
 		-7.47488881623718715019		 
 		-7.47488881623718715019		 
 		-7.47488881623718715019		 
 		-7.47488881623718715019		 
 		-7.47419157640538767140		 
 		-7.47419157640538767140		 
 		-7.47419157640538767140		 
 		-7.47419157640538767140		 
 		-7.47419157640538767140		 
 		-7.47419157640538767140		 
 		-7.47419157640538767140		 
 		-7.47419157640538767140		 
 		-7.47419157640538767140		 
 		-7.47419157640538767140		 
 		-7.47419157640538767140		 
 		-7.47419157640538767140		 
 		-7.47419157640538767140		 
 		-7.47419157640538767140		 
 		-7.47419157640538767140		 
 		-7.47419157640538767140		 
 		-7.47419157640538767140		 
 		-7.47419157640538767140		 
 		-7.47488881623718715019		 
 		-7.47488881623718715019		 
 		-7.47488881623718715019		 
 		-7.47488881623718715019		 
 		-7.47488881623718715019		 
 		-7.47488881623718715019		 
 		-7.47488881623718715019		 
 		-7.47488881623718715019		 
 		-7.47488881623718715019		 
 		-7.47240432086788164412		 
 		-7.47240432086788164412		 
 		-7.47240432086788164412		 
 		-7.47240432086788164412		 
 		-7.47240432086788164412		 
 		-7.47240432086788164412		 
 		-7.47240432086788164412		 
 		-7.47240432086788164412		 
 		-7.47240432086788164412		 
 		-7.47413275149520028862		 
 		-7.47413275149520028862		 
 		-7.47413275149520028862		 
 		-7.47413275149520028862		 
 		-7.47413275149520028862		 
 		-7.47413275149520028862		 
 		-7.47413275149520028862		 
 		-7.47413275149520028862		 
 		-7.47413275149520028862		 
 		-7.47405965444746289705		 
 		-7.47405965444746289705		 
 		-7.47405965444746289705		 
 		-7.47405965444746289705		 
 		-7.47405965444746289705		 
 		-7.47405965444746289705		 
 		-7.47405965444746289705		 
 		-7.47405965444746289705		 
 		-7.47405965444746289705		 
 		-7.47419134548686248110		 
 		-7.47419134548686248110		 
 		-7.47419134548686248110		 
 		-7.47419134548686248110		 
 		-7.47419134548686248110		 
 		-7.47419134548686248110		 
 		-7.47419134548686248110		 
 		-7.47419134548686248110		 
 		-7.47419134548686248110		 
 		-7.47375787443273775779		 
 		-7.47375787443273775779		 
 		-7.47375787443273775779		 
 		-7.47375787443273775779		 
 		-7.47375787443273775779		 
 		-7.47375787443273775779		 
 		-7.47375787443273775779		 
 		-7.47375787443273775779		 
 		-7.47375787443273775779		 
 		-7.47375787443273775779		 
 		-7.47375787443273775779		 
 		-7.47375787443273775779		 
 		-7.47375787443273775779		 
 		-7.47375787443273775779		 
 		-7.47375787443273775779		 
 		-7.47375787443273775779		 
 		-7.47375787443273775779		 
 		-7.47375787443273775779		 
 		-7.47375787443273775779		 
 		-7.47375787443273775779		 
 		-7.47375787443273775779		 
 		-7.47375787443273775779		 
 		-7.47375787443273775779		 
 		-7.47375787443273775779		 
 		-7.47375787443273775779		 
 		-7.47375787443273775779		 
 		-7.47375787443273775779		 
 		-7.47375787443273775779		 
 		-7.47375787443273775779		 
 		-7.47375787443273775779		 
 		-7.47375787443273775779		 
 		-7.47375787443273775779		 
 		-7.47375787443273775779		 
 		-7.47375787443273775779		 
 		-7.47375787443273775779		 
 		-7.47375787443273775779		 
 		-7.47375787443273775779		 
 		-7.47375787443273775779		 
 		-7.47375787443273775779		 
 		-7.47375787443273775779		 
 		-7.47375787443273775779		 
 		-7.47375787443273775779		 
 		-7.47375787443273775779		 
 		-7.47375787443273775779		 
 		-7.47375787443273775779		 
 		-7.47375787443273775779		 
 		-7.47375787443273775779		 
 		-7.47375787443273775779		 
 		-7.47375787443273775779		 
 		-7.47375787443273775779		 
 		-7.47375787443273775779		 
 		-7.47375787443273775779		 
 		-7.47375787443273775779		 
 		-7.47375787443273775779		 
 		-7.47375787443273775779		 
 		-7.47375787443273775779		 
 		-7.47375787443273775779		 
 		-7.47375787443273775779		 
 		-7.47375787443273775779		 
 		-7.47375787443273775779		 
 		-7.47375787443273775779		 
 		-7.47375787443273775779		 
 		-7.47375787443273775779		 
 		-7.47375787443273775779		 
 		-7.47375787443273775779		 
 		-7.47375787443273775779		 
 		-7.47375787443273775779		 
 		-7.47375787443273775779		 
 		-7.47375787443273775779		 
 		-7.47375787443273775779		 
 		-7.47375787443273775779		 
 		-7.47375787443273775779		 
 		-7.47375787443273775779		 
 		-7.47375787443273775779		 
 		-7.47375787443273775779		 
 		-7.47375787443273775779		 
 		-7.47375787443273775779		 
 		-7.47375787443273775779		 
 		-7.47375787443273775779		 
 		-7.47375787443273775779		 
 		-7.47375787443273775779		 
 		-7.47058821696656227829		 
 		-7.47058821696656227829		 
 		-7.47058821696656227829		 
 		-7.47058821696656227829		 
 		-7.47058821696656227829		 
 		-7.47058821696656227829		 
 		-7.47058821696656227829		 
 		-7.47058821696656227829		 
 		-7.47058821696656227829		 
 		-7.47016052070116831629		 
 		-7.47016052070116831629		 
 		-7.47016052070116831629		 
 		-7.47016052070116831629		 
 		-7.47016052070116831629		 
 		-7.47016052070116831629		 
 		-7.47016052070116831629		 
 		-7.47016052070116831629		 
 		-7.47016052070116831629		 
 		-7.47152226183654377678		 
 		-7.47152226183654377678		 
 		-7.47152226183654377678		 
 		-7.47152226183654377678		 
 		-7.47152226183654377678		 
 		-7.47152226183654377678		 
 		-7.47152226183654377678		 
 		-7.47152226183654377678		 
 		-7.47152226183654377678		 
 		-7.47152225629603083945		 
 		-7.47152225629603083945		 
 		-7.47152225629603083945		 
 		-7.47152225629603083945		 
 		-7.47152225629603083945		 
 		-7.47152225629603083945		 
 		-7.47152225629603083945		 
 		-7.47152225629603083945		 
 		-7.47152225629603083945		 
 		-7.47319665360612539473		 
 		-7.47319665360612539473		 
 		-7.47319665360612539473		 
 		-7.47319665360612539473		 
 		-7.47319665360612539473		 
 		-7.47319665360612539473		 
 		-7.47319665360612539473		 
 		-7.47319665360612539473		 
 		-7.47319665360612539473		 
 		-7.47319665360612539473		 
 		-7.47319665360612539473		 
 		-7.47319665360612539473		 
 		-7.47319665360612539473		 
 		-7.47319665360612539473		 
 		-7.47319665360612539473		 
 		-7.47319665360612539473		 
 		-7.47319665360612539473		 
 		-7.47319665360612539473		 
 		-7.47000008076223753761		 
 		-7.47000008076223753761		 
 		-7.47000008076223753761		 
 		-7.47000008076223753761		 
 		-7.47000008076223753761		 
 		-7.47000008076223753761		 
 		-7.47000008076223753761		 
 		-7.47000008076223753761		 
 		-7.47000008076223753761		 
 		-7.47186232100839387016		 
 		-7.47186232100839387016		 
 		-7.47186232100839387016		 
 		-7.47186232100839387016		 
 		-7.47186232100839387016		 
 		-7.47186232100839387016		 
 		-7.47186232100839387016		 
 		-7.47186232100839387016		 
 		-7.47186232100839387016		 
 		-7.47186232100840008741		 
 		-7.47186232100840008741		 
 		-7.47186232100840008741		 
 		-7.47186232100840008741		 
 		-7.47186232100840008741		 
 		-7.47186232100840008741		 
 		-7.47186232100840008741		 
 		-7.47186232100840008741		 
 		-7.47186232100840008741		 
 		-7.47186232100840008741		 
 		-7.47186232100840008741		 
 		-7.47186232100840008741		 
 		-7.47186232100840008741		 
 		-7.47186232100840008741		 
 		-7.47186232100840008741		 
 		-7.47186232100840008741		 
 		-7.47186232100840008741		 
 		-7.47186232100840008741		 
 		-7.47186232100840008741		 
 		-7.47186232100840008741		 
 		-7.47186232100840008741		 
 		-7.47186232100840008741		 
 		-7.47186232100840008741		 
 		-7.47186232100840008741		 
 		-7.47186232100840008741		 
 		-7.47186232100840008741		 
 		-7.47186232100840008741		 
 		-7.47186232100840008741		 
 		-7.47186232100840008741		 
 		-7.47186232100840008741		 
 		-7.47186232100840008741		 
 		-7.47186232100840008741		 
 		-7.47186232100840008741		 
 		-7.47186232100840008741		 
 		-7.47186232100840008741		 
 		-7.47186232100840008741		 
 		-4.29020860952670357591		 
 		-4.29020860952670357591		 
 		-4.29020860952670357591		 
 		-4.29020860952670357591		 
 		-4.29020860952670357591		 
 		-4.29020860952670357591		 
 		-4.29020860952670357591		 
 		-4.29020860952670357591		 
 		-4.29020860952670357591		 
 		-6.81000000017351858617		 
 		-6.81000000017351858617		 
 		-6.81000000017351858617		 
 		-6.81000000017351858617		 
 		-6.81000000017351858617		 
 		-6.81000000017351858617		 
 		-6.81000000017351858617		 
 		-6.81000000017351858617		 
 		-6.81000000017351858617		 
 		-7.47186232100840008741		 
 		-7.47186232100840008741		 
 		-7.47186232100840008741		 
 		-7.47186232100840008741		 
 		-7.47186232100840008741		 
 		-7.47186232100840008741		 
 		-7.47186232100840008741		 
 		-7.47186232100840008741		 
 		-7.47186232100840008741		 
 		-7.47186232100840008741		 
 		-7.47186232100840008741		 
 		-7.47186232100840008741		 
 		-7.47186232100840008741		 
 		-7.47186232100840008741		 
 		-7.47186232100840008741		 
 		-7.47186232100840008741		 
 		-7.47186232100840008741		 
 		-7.47186232100840008741		 
 		-7.47186232100840008741		 
 		-7.47186232100840008741		 
 		-7.47186232100840008741		 
 		-7.47186232100840008741		 
 		-7.47186232100840008741		 
 		-7.47186232100840008741		 
 		-7.47186232100840008741		 
 		-7.47186232100840008741		 
 		-7.47186232100840008741		 
 		-7.47186232100840008741		 
 		-7.47186232100840008741		 
 		-7.47186232100840008741		 
 		-7.47186232100840008741		 
 		-7.47186232100840008741		 
 		-7.47186232100840008741		 
 		-7.47186232100840008741		 
 		-7.47186232100840008741		 
 		-7.47186232100840008741		 
 		-7.47186232100840008741		 
 		-7.47186232100840008741		 
 		-7.47186232100840008741		 
 		-7.47186232100840008741		 
 		-7.47186232100840008741		 
 		-7.47186232100840008741		 
 		-7.47186232100840008741		 
 		-7.47186232100840008741		 
 		-7.47186232100840008741		 
 		-7.47186232100839387016		 
 		-7.47186232100839387016		 
 		-7.47186232100839387016		 
 		-7.47186232100839387016		 
 		-7.47186232100839387016		 
 		-7.47186232100839387016		 
 		-7.47186232100839387016		 
 		-7.47186232100839387016		 
 		-7.47186232100839387016		 
 		-7.47186232100839387016		 
 		-7.47186232100839387016		 
 		-7.47186232100839387016		 
 		-7.47186232100839387016		 
 		-7.47186232100839387016		 
 		-7.47186232100839387016		 
 		-7.47186232100839387016		 
 		-7.47186232100839387016		 
 		-7.47186232100839387016		 
 		-7.47186232100839387016		 
 		-7.47186232100839387016		 
 		-7.47186232100839387016		 
 		-7.47186232100839387016		 
 		-7.47186232100839387016		 
 		-7.47186232100839387016		 
 		-7.47186232100839387016		 
 		-7.47186232100839387016		 
 		-7.47186232100839387016		 
 		-7.47186232100840630466		 
 		-7.47186232100840630466		 
 		-7.47186232100840630466		 
 		-7.47186232100840630466		 
 		-7.47186232100840630466		 
 		-7.47186232100840630466		 
 		-7.47186232100840630466		 
 		-7.47186232100840630466		 
 		-7.47186232100840630466		 
 		-7.47186232100840008741		 
 		-7.47186232100840008741		 
 		-7.47186232100840008741		 
 		-7.47186232100840008741		 
 		-7.47186232100840008741		 
 		-7.47186232100840008741		 
 		-7.47186232100840008741		 
 		-7.47186232100840008741		 
 		-7.47186232100840008741		 
 		-7.47186232100840008741		 
 		-7.47186232100840008741		 
 		-7.47186232100840008741		 
 		-7.47186232100840008741		 
 		-7.47186232100840008741		 
 		-7.47186232100840008741		 
 		-7.47186232100840008741		 
 		-7.47186232100840008741		 
 		-7.47186232100840008741		 
 		-7.47186232100839387016		 
 		-7.47186232100839387016		 
 		-7.47186232100839387016		 
 		-7.47186232100839387016		 
 		-7.47186232100839387016		 
 		-7.47186232100839387016		 
 		-7.47186232100839387016		 
 		-7.47186232100839387016		 
 		-7.47186232100839387016		 
 		-7.47186232100840008741		 
 		-7.47186232100840008741		 
 		-7.47186232100840008741		 
 		-7.47186232100840008741		 
 		-7.47186232100840008741		 
 		-7.47186232100840008741		 
 		-7.47186232100840008741		 
 		-7.47186232100840008741		 
 		-7.47186232100840008741		 
 		-7.47186232100840008741		 
 		-7.47186232100840008741		 
 		-7.47186232100840008741		 
 		-7.47186232100840008741		 
 		-7.47186232100840008741		 
 		-7.47186232100840008741		 
 		-7.47186232100840008741		 
 		-7.47186232100840008741		 
 		-7.47186232100840008741		 
 		-7.47186232100840008741		 
 		-7.47186232100840008741		 
 		-7.47186232100840008741		 
 		-7.47186232100840008741		 
 		-7.47186232100840008741		 
 		-7.47186232100840008741		 
 		-7.47186232100840008741		 
 		-7.47186232100840008741		 
 		-7.47186232100840008741		 
 		-7.47186232100839387016		 
 		-7.47186232100839387016		 
 		-7.47186232100839387016		 
 		-7.47186232100839387016		 
 		-7.47186232100839387016		 
 		-7.47186232100839387016		 
 		-7.47186232100839387016		 
 		-7.47186232100839387016		 
 		-7.47186232100839387016		 
 		-7.47186232100840008741		 
 		-7.47186232100840008741		 
 		-7.47186232100840008741		 
 		-7.47186232100840008741		 
 		-7.47186232100840008741		 
 		-7.47186232100840008741		 
 		-7.47186232100840008741		 
 		-7.47186232100840008741		 
 		-7.47186232100840008741		 
 		-7.47186232100840008741		 
 		-7.47186232100840008741		 
 		-7.47186232100840008741		 
 		-7.47186232100840008741		 
 		-7.47186232100840008741		 
 		-7.47186232100840008741		 
 		-7.47186232100840008741		 
 		-7.47186232100840008741		 
 		-7.47186232100840008741		 
 		-7.47186232100840008741		 
 		-7.47186232100840008741		 
 		-7.47186232100840008741		 
 		-7.47186232100840008741		 
 		-7.47186232100840008741		 
 		-7.47186232100840008741		 
 		-7.47186232100840008741		 
 		-7.47186232100840008741		 
 		-7.47186232100840008741		 
 		-7.47186232100840008741		 
 		-7.47186232100840008741		 
 		-7.47186232100840008741		 
 		-7.47186232100840008741		 
 		-7.47186232100840008741		 
 		-7.47186232100840008741		 
 		-7.47186232100840008741		 
 		-7.47186232100840008741		 
 		-7.47186232100840008741		 
 		-7.47186232100840008741		 
 		-7.47186232100840008741		 
 		-7.47186232100840008741		 
 		-7.47186232100840008741		 
 		-7.47186232100840008741		 
 		-7.47186232100840008741		 
 		-7.47186232100840008741		 
 		-7.47186232100840008741		 
 		-7.47186232100840008741		 
 		-7.47186232100840008741		 
 		-7.47186232100840008741		 
 		-7.47186232100840008741		 
 		-7.47186232100840008741		 
 		-7.47186232100840008741		 
 		-7.47186232100840008741		 
 		-7.47186232100840008741		 
 		-7.47186232100840008741		 
 		-7.47186232100840008741		 
 		-7.47186232100840008741		 
 		-7.47186232100840008741		 
 		-7.47186232100840008741		 
 		-7.47186232100840008741		 
 		-7.47186232100840008741		 
 		-7.47186232100840008741		 
 		-7.47186232100840008741		 
 		-7.47186232100840008741		 
 		-7.47186232100840008741		 
 		-7.47186232100840008741		 
 		-7.47186232100840008741		 
 		-7.47186232100840008741		 
 		-7.47186232100840008741		 
 		-7.47186232100840008741		 
 		-7.47186232100840008741		 
 		-7.47186232100840008741		 
 		-7.47186232100840008741		 
 		-7.47186232100840008741		 
 		-7.47186232100840008741		 
 		-7.47186232100840008741		 
 		-7.47186232100840008741		 
 		-7.47186232100840008741		 
 		-7.47186232100840008741		 
 		-7.47186232100840008741		 
 		-7.47186232100840008741		 
 		-7.47186232100840008741		 
 		-7.47186232100840008741		 
 		-7.47186232100840008741		 
 		-7.47186232100840008741		 
 		-7.47186232100840008741		 
 		-7.47186232100840008741		 
 		-7.47186232100840008741		 
 		-7.47186232100840008741		 
 		-7.47186232100840008741		 
 		-7.47186232100840008741		 
 		-7.47186232100840008741		 
 		-7.47186232100840008741		 
 		-7.47186232100840008741		 
 		-7.47186232100840008741		 
 		-7.47186232100840008741		 
 		-7.47186232100840008741		 
 		-7.47186232100840008741		 
 		-7.47186232100840008741		 
 		-7.47186232100840008741		 
 		-7.47186232100840008741		 
 		-7.47186232100840008741		 
 		-7.47186232100840008741		 
 		-7.47186232100840008741		 
 		-7.47186232100840008741		 
 		-7.47186232100840008741		 
 		-7.47186232100840008741		 
 		-7.47186232100840008741		 
 		-7.47186232100840008741		 
 		-7.47186232100840008741		 
 		-7.47186232100840008741		 
 		-7.47186232100840008741		 
 		-7.47186232100840008741		 
 		-7.47186232100840008741		 
 		-7.47186232100840008741		 
 		-7.47186232100840008741		 
 		-7.47186232100840008741		 
 		-7.47186232100840008741		 
 		-7.47186232100840008741		 
 		-7.47186232100840630466		 
 		-7.47186232100840630466		 
 		-7.47186232100840630466		 
 		-7.47186232100840630466		 
 		-7.47186232100840630466		 
 		-7.47186232100840630466		 
 		-7.47186232100840630466		 
 		-7.47186232100840630466		 
 		-7.47186232100840630466		 
 		-7.47186232100840008741		 
 		-7.47186232100840008741		 
 		-7.47186232100840008741		 
 		-7.47186232100840008741		 
 		-7.47186232100840008741		 
 		-7.47186232100840008741		 
 		-7.47186232100840008741		 
 		-7.47186232100840008741		 
 		-7.47186232100840008741		 
 		-7.47186232100840630466		 
 		-7.47186232100840630466		 
 		-7.47186232100840630466		 
 		-7.47186232100840630466		 
 		-7.47186232100840630466		 
 		-7.47186232100840630466		 
 		-7.47186232100840630466		 
 		-7.47186232100840630466		 
 		-7.47186232100840630466		 
 		-7.47186232100840008741		 
 		-7.47186232100840008741		 
 		-7.47186232100840008741		 
 		-7.47186232100840008741		 
 		-7.47186232100840008741		 
 		-7.47186232100840008741		 
 		-7.47186232100840008741		 
 		-7.47186232100840008741		 
 		-7.47186232100840008741		 
 		-7.47186232100840008741		 
 		-7.47186232100840008741		 
 		-7.47186232100840008741		 
 		-7.47186232100840008741		 
 		-7.47186232100840008741		 
 		-7.47186232100840008741		 
 		-7.47186232100840008741		 
 		-7.47186232100840008741		 
 		-7.47186232100840008741		 
 		-7.47186232100840008741		 
 		-7.47186232100840008741		 
 		-7.47186232100840008741		 
 		-7.47186232100840008741		 
 		-7.47186232100840008741		 
 		-7.47186232100840008741		 
 		-7.47186232100840008741		 
 		-7.47186232100840008741		 
 		-7.47186232100840008741		 
 		-7.47186232100839387016		 
 		-7.47186232100839387016		 
 		-7.47186232100839387016		 
 		-7.47186232100839387016		 
 		-7.47186232100839387016		 
 		-7.47186232100839387016		 
 		-7.47186232100839387016		 
 		-7.47186232100839387016		 
 		-7.47186232100839387016		 
 		-7.47186232100839387016		 
 		-7.47186232100839387016		 
 		-7.47186232100839387016		 
 		-7.47186232100839387016		 
 		-7.47186232100839387016		 
 		-7.47186232100839387016		 
 		-7.47186232100839387016		 
 		-7.47186232100839387016		 
 		-7.47186232100839387016		 
 		-7.47186232100840008741		 
 		-7.47186232100840008741		 
 		-7.47186232100840008741		 
 		-7.47186232100840008741		 
 		-7.47186232100840008741		 
 		-7.47186232100840008741		 
 		-7.47186232100840008741		 
 		-7.47186232100840008741		 
 		-7.47186232100840008741		 
 		-7.47186232100840008741		 
 		-7.47186232100840008741		 
 		-7.47186232100840008741		 
 		-7.47186232100840008741		 
 		-7.47186232100840008741		 
 		-7.47186232100840008741		 
 		-7.47186232100840008741		 
 		-7.47186232100840008741		 
 		-7.47186232100840008741		 
 		-7.47186232100839387016		 
 		-7.47186232100839387016		 
 		-7.47186232100839387016		 
 		-7.47186232100839387016		 
 		-7.47186232100839387016		 
 		-7.47186232100839387016		 
 		-7.47186232100839387016		 
 		-7.47186232100839387016		 
 		-7.47186232100839387016		 
 		-7.47186232100840630466		 
 		-7.47186232100840630466		 
 		-7.47186232100840630466		 
 		-7.47186232100840630466		 
 		-7.47186232100840630466		 
 		-7.47186232100840630466		 
 		-7.47186232100840630466		 
 		-7.47186232100840630466		 
 		-7.47186232100840630466		 
 		-7.47186232100840630466		 
 		-7.47186232100840630466		 
 		-7.47186232100840630466		 
 		-7.47186232100840630466		 
 		-7.47186232100840630466		 
 		-7.47186232100840630466		 
 		-7.47186232100840630466		 
 		-7.47186232100840630466		 
 		-7.47186232100840630466		 
 		-7.47186232100840630466		 
 		-7.47186232100840630466		 
 		-7.47186232100840630466		 
 		-7.47186232100840630466		 
 		-7.47186232100840630466		 
 		-7.47186232100840630466		 
 		-7.47186232100840630466		 
 		-7.47186232100840630466		 
 		-7.47186232100840630466		 
 		-7.47143285043981908444		 
 		-7.47143285043981908444		 
 		-7.47143285043981908444		 
 		-7.47143285043981908444		 
 		-7.47143285043981908444		 
 		-7.47143285043981908444		 
 		-7.47143285043981908444		 
 		-7.47143285043981908444		 
 		-7.47143285043981908444		 
 		-7.47179789663494986485		 
 		-7.47179789663494986485		 
 		-7.47179789663494986485		 
 		-7.47179789663494986485		 
 		-7.47179789663494986485		 
 		-7.47179789663494986485		 
 		-7.47179789663494986485		 
 		-7.47179789663494986485		 
 		-7.47179789663494986485		 
 		-7.47179789663494364760		 
 		-7.47179789663494364760		 
 		-7.47179789663494364760		 
 		-7.47179789663494364760		 
 		-7.47179789663494364760		 
 		-7.47179789663494364760		 
 		-7.47179789663494364760		 
 		-7.47179789663494364760		 
 		-7.47179789663494364760		 
 		-7.47244220054403118780		 
 		-7.47244220054403118780		 
 		-7.47244220054403118780		 
 		-7.47244220054403118780		 
 		-7.47244220054403118780		 
 		-7.47244220054403118780		 
 		-7.47244220054403118780		 
 		-7.47244220054403118780		 
 		-7.47244220054403118780		 
 		-7.47265699823326290385		 
 		-7.47265699823326290385		 
 		-7.47265699823326290385		 
 		-7.47265699823326290385		 
 		-7.47265699823326290385		 
 		-7.47265699823326290385		 
 		-7.47265699823326290385		 
 		-7.47265699823326290385		 
 		-7.47265699823326290385		 
 		-7.47287181078482465324		 
 		-7.47287181078482465324		 
 		-7.47287181078482465324		 
 		-7.47287181078482465324		 
 		-7.47287181078482465324		 
 		-7.47287181078482465324		 
 		-7.47287181078482465324		 
 		-7.47287181078482465324		 
 		-7.47287181078482465324		 
 		-7.47304367152799375873		 
 		-7.47304367152799375873		 
 		-7.47304367152799375873		 
 		-7.47304367152799375873		 
 		-7.47304367152799375873		 
 		-7.47304367152799375873		 
 		-7.47304367152799375873		 
 		-7.47304367152799375873		 
 		-7.47304367152799375873		 
 		-7.47282884708544958841		 
 		-7.47282884708544958841		 
 		-7.47282884708544958841		 
 		-7.47282884708544958841		 
 		-7.47282884708544958841		 
 		-7.47282884708544958841		 
 		-7.47282884708544958841		 
 		-7.47282884708544958841		 
 		-7.47282884708544958841		 
 		-7.47293625744866840677		 
 		-7.47293625744866840677		 
 		-7.47293625744866840677		 
 		-7.47293625744866840677		 
 		-7.47293625744866840677		 
 		-7.47293625744866840677		 
 		-7.47293625744866840677		 
 		-7.47293625744866840677		 
 		-7.47293625744866840677		 
 		-7.47293625744867462402		 
 		-7.47293625744867462402		 
 		-7.47293625744867462402		 
 		-7.47293625744867462402		 
 		-7.47293625744867462402		 
 		-7.47293625744867462402		 
 		-7.47293625744867462402		 
 		-7.47293625744867462402		 
 		-7.47293625744867462402		 
 		-7.47293625744866840677		 
 		-7.47293625744866840677		 
 		-7.47293625744866840677		 
 		-7.47293625744866840677		 
 		-7.47293625744866840677		 
 		-7.47293625744866840677		 
 		-7.47293625744866840677		 
 		-7.47293625744866840677		 
 		-7.47293625744866840677		 
 		-7.47293625744867462402		 
 		-7.47293625744867462402		 
 		-7.47293625744867462402		 
 		-7.47293625744867462402		 
 		-7.47293625744867462402		 
 		-7.47293625744867462402		 
 		-7.47293625744867462402		 
 		-7.47293625744867462402		 
 		-7.47293625744867462402		 
 		-7.47293625744867462402		 
 		-7.47293625744867462402		 
 		-7.47293625744867462402		 
 		-7.47293625744867462402		 
 		-7.47293625744867462402		 
 		-7.47293625744867462402		 
 		-7.47293625744867462402		 
 		-7.47293625744867462402		 
 		-7.47293625744867462402		 
 		-7.47293625744867462402		 
 		-7.47293625744867462402		 
 		-7.47293625744867462402		 
 		-7.47293625744867462402		 
 		-7.47293625744867462402		 
 		-7.47293625744867462402		 
 		-7.47293625744867462402		 
 		-7.47293625744867462402		 
 		-7.47293625744867462402		 
 		-7.47293625744866840677		 
 		-7.47293625744866840677		 
 		-7.47293625744866840677		 
 		-7.47293625744866840677		 
 		-7.47293625744866840677		 
 		-7.47293625744866840677		 
 		-7.47293625744866840677		 
 		-7.47293625744866840677		 
 		-7.47293625744866840677		 
 		-7.47219793307946211769		 
 		-7.47219793307946211769		 
 		-7.47219793307946211769		 
 		-7.47219793307946211769		 
 		-7.47219793307946211769		 
 		-7.47219793307946211769		 
 		-7.47219793307946211769		 
 		-7.47219793307946211769		 
 		-7.47219793307946211769		 
 		-7.47318056947941222745		 
 		-7.47318056947941222745		 
 		-7.47318056947941222745		 
 		-7.47318056947941222745		 
 		-7.47318056947941222745		 
 		-7.47318056947941222745		 
 		-7.47318056947941222745		 
 		-7.47318056947941222745		 
 		-7.47318056947941222745		 
 		-7.47325873526418771320		 
 		-7.47325873526418771320		 
 		-7.47325873526418771320		 
 		-7.47325873526418771320		 
 		-7.47325873526418771320		 
 		-7.47325873526418771320		 
 		-7.47325873526418771320		 
 		-7.47325873526418771320		 
 		-7.47325873526418771320		 
 		-7.47059958674963109360		 
 		-7.47059958674963109360		 
 		-7.47059958674963109360		 
 		-7.47059958674963109360		 
 		-7.47059958674963109360		 
 		-7.47059958674963109360		 
 		-7.47059958674963109360		 
 		-7.47059958674963109360		 
 		-7.47059958674963109360		 
 		-7.46688915328634994495		 
 		-7.46688915328634994495		 
 		-7.46688915328634994495		 
 		-7.46688915328634994495		 
 		-7.46688915328634994495		 
 		-7.46688915328634994495		 
 		-7.46688915328634994495		 
 		-7.46688915328634994495		 
 		-7.46688915328634994495		 
 		-680.46977074499181981082		 
 		-680.46977074499181981082		 
 		-680.46977074499181981082		 
 		-680.46977074499181981082		 
 		-680.46977074499181981082		 
 		-680.46977074499181981082		 
 		-680.46977074499181981082		 
 		-680.46977074499181981082		 
 		-680.46977074499181981082		 
 		-7.47315460551517496413		 
 		-7.47315460551517496413		 
 		-7.47315460551517496413		 
 		-7.47315460551517496413		 
 		-7.47315460551517496413		 
 		-7.47315460551517496413		 
 		-7.47315460551517496413		 
 		-7.47315460551517496413		 
 		-7.47315460551517496413		 
 		-7.47319541705965662004		 
 		-7.47319541705965662004		 
 		-7.47319541705965662004		 
 		-7.47319541705965662004		 
 		-7.47319541705965662004		 
 		-7.47319541705965662004		 
 		-7.47319541705965662004		 
 		-7.47319541705965662004		 
 		-7.47319541705965662004		 
 		-7.47301165010511247999		 
 		-7.47301165010511247999		 
 		-7.47301165010511247999		 
 		-7.47301165010511247999		 
 		-7.47301165010511247999		 
 		-7.47301165010511247999		 
 		-7.47301165010511247999		 
 		-7.47301165010511247999		 
 		-7.47301165010511247999		 
 		-7.47301165010511247999		 
 		-7.47301165010511247999		 
 		-7.47301165010511247999		 
 		-7.47301165010511247999		 
 		-7.47301165010511247999		 
 		-7.47301165010511247999		 
 		-7.47301165010511247999		 
 		-7.47301165010511247999		 
 		-7.47301165010511247999		 
 		-7.47263711203553793183		 
 		-7.47263711203553793183		 
 		-7.47263711203553793183		 
 		-7.47263711203553793183		 
 		-7.47263711203553793183		 
 		-7.47263711203553793183		 
 		-7.47263711203553793183		 
 		-7.47263711203553793183		 
 		-7.47263711203553793183		 
 		-7.47263711203553793183		 
 		-7.47263711203553793183		 
 		-7.47263711203553793183		 
 		-7.47263711203553793183		 
 		-7.47263711203553793183		 
 		-7.47263711203553793183		 
 		-7.47263711203553793183		 
 		-7.47263711203553793183		 
 		-7.47263711203553793183		 
 		-7.47263711203553793183		 
 		-7.47263711203553793183		 
 		-7.47263711203553793183		 
 		-7.47263711203553793183		 
 		-7.47263711203553793183		 
 		-7.47263711203553793183		 
 		-7.47263711203553793183		 
 		-7.47263711203553793183		 
 		-7.47263711203553793183		 
 		-7.47263711203553793183		 
 		-7.47263711203553793183		 
 		-7.47263711203553793183		 
 		-7.47263711203553793183		 
 		-7.47263711203553793183		 
 		-7.47263711203553793183		 
 		-7.47263711203553793183		 
 		-7.47263711203553793183		 
 		-7.47263711203553793183		 
 		-7.47263711203553793183		 
 		-7.47263711203553793183		 
 		-7.47263711203553793183		 
 		-7.47263711203553793183		 
 		-7.47263711203553793183		 
 		-7.47263711203553793183		 
 		-7.47263711203553793183		 
 		-7.47263711203553793183		 
 		-7.47263711203553793183		 
 		-7.47276138735337536190		 
 		-7.47276138735337536190		 
 		-7.47276138735337536190		 
 		-7.47276138735337536190		 
 		-7.47276138735337536190		 
 		-7.47276138735337536190		 
 		-7.47276138735337536190		 
 		-7.47276138735337536190		 
 		-7.47276138735337536190		 
 		-7.47284423879920023381		 
 		-7.47284423879920023381		 
 		-7.47284423879920023381		 
 		-7.47284423879920023381		 
 		-7.47284423879920023381		 
 		-7.47284423879920023381		 
 		-7.47284423879920023381		 
 		-7.47284423879920023381		 
 		-7.47284423879920023381		 
 		-7.47284423879920023381		 
 		-7.47284423879920023381		 
 		-7.47284423879920023381		 
 		-7.47284423879920023381		 
 		-7.47284423879920023381		 
 		-7.47284423879920023381		 
 		-7.47284423879920023381		 
 		-7.47284423879920023381		 
 		-7.47284423879920023381		 
 		-7.47284423879920023381		 
 		-7.47284423879920023381		 
 		-7.47284423879920023381		 
 		-7.47284423879920023381		 
 		-7.47284423879920023381		 
 		-7.47284423879920023381		 
 		-7.47284423879920023381		 
 		-7.47284423879920023381		 
 		-7.47284423879920023381		 
 		-7.47284423879920023381		 
 		-7.47284423879920023381		 
 		-7.47284423879920023381		 
 		-7.47284423879920023381		 
 		-7.47284423879920023381		 
 		-7.47284423879920023381		 
 		-7.47284423879920023381		 
 		-7.47284423879920023381		 
 		-7.47284423879920023381		 
 		-7.47284423879920023381		 
 		-7.47284423879920023381		 
 		-7.47284423879920023381		 
 		-7.47284423879920023381		 
 		-7.47284423879920023381		 
 		-7.47284423879920023381		 
 		-7.47284423879920023381		 
 		-7.47284423879920023381		 
 		-7.47284423879920023381		 
 		-7.47284423879920023381		 
 		-7.47284423879920023381		 
 		-7.47284423879920023381		 
 		-7.47284423879920023381		 
 		-7.47284423879920023381		 
 		-7.47284423879920023381		 
 		-7.47284423879920023381		 
 		-7.47284423879920023381		 
 		-7.47284423879920023381		 
 		-7.47284423879920023381		 
 		-7.47284423879920023381		 
 		-7.47284423879920023381		 
 		-7.47284423879920023381		 
 		-7.47284423879920023381		 
 		-7.47284423879920023381		 
 		-7.47284423879920023381		 
 		-7.47284423879920023381		 
 		-7.47284423879920023381		 
 		-7.47284423879920023381		 
 		-7.47284423879920023381		 
 		-7.47284423879920023381		 
 		-7.47284423879920023381		 
 		-7.47284423879920023381		 
 		-7.47284423879920023381		 
 		-7.47284423879920023381		 
 		-7.47284423879920023381		 
 		-7.47284423879920023381		 
 		-7.47284423879920023381		 
 		-7.47284423879920023381		 
 		-7.47284423879920023381		 
 		-7.47284423879920023381		 
 		-7.47284423879920023381		 
 		-7.47284423879920023381		 
 		-7.47284423879920023381		 
 		-7.47284423879920023381		 
 		-7.47284423879920023381		 
 		-7.47284423879920023381		 
 		-7.47284423879920023381		 
 		-7.47284423879920023381		 
 		-7.47284423879920023381		 
 		-7.47284423879920023381		 
 		-7.47284423879920023381		 
 		-7.47284423879920023381		 
 		-7.47284423879920023381		 
 		-7.47284423879920023381		 
 		-7.47284423879920023381		 
 		-7.47284423879920023381		 
 		-7.47284423879920023381		 
 		-7.47284423879920023381		 
 		-7.47284423879920023381		 
 		-7.47284423879920023381		 
 		-7.47284423879920023381		 
 		-7.47284423879920023381		 
 		-7.47284423879920023381		 
 		-7.47284423879920023381		 
 		-7.47284423879920023381		 
 		-7.47284423879920023381		 
 		-7.47284423879920023381		 
 		-7.47284423879920023381		 
 		-7.47284423879920023381		 
 		-7.47284423879920023381		 
 		-7.47284423879920023381		 
 		-7.47284423879920023381		 
 		-7.47284423879920023381		 
 		-7.47284423879920023381		 
 		-7.47284423879920023381		 
 		-7.47284423879920023381		 
 		-7.47284423879920023381		 
 		-7.47284423879920023381		 
 		-7.47284423879920023381		 
 		-7.47284423879920023381		 
 		-7.47284423879920023381		 
 		-7.47000008416473715300		 
 		-7.47000008416473715300		 
 		-7.47000008416473715300		 
 		-7.47000008416473715300		 
 		-7.47000008416473715300		 
 		-7.47000008416473715300		 
 		-7.47000008416473715300		 
 		-7.47000008416473715300		 
 		-7.47000008416473715300		 
 		-7.48475909786249360423		 
 		-7.48475909786249360423		 
 		-7.48475909786249360423		 
 		-7.48475909786249360423		 
 		-7.48475909786249360423		 
 		-7.48475909786249360423		 
 		-7.48475909786249360423		 
 		-7.48475909786249360423		 
 		-7.48475909786249360423		 
 		-7.50932878293334393760		 
 		-7.50932878293334393760		 
 		-7.50932878293334393760		 
 		-7.50932878293334393760		 
 		-7.50932878293334393760		 
 		-7.50932878293334393760		 
 		-7.50932878293334393760		 
 		-7.50932878293334393760		 
 		-7.50932878293334393760		 
 		-7.47116830920406282956		 
 		-7.47116830920406282956		 
 		-7.47116830920406282956		 
 		-7.47116830920406282956		 
 		-7.47116830920406282956		 
 		-7.47116830920406282956		 
 		-7.47116830920406282956		 
 		-7.47116830920406282956		 
 		-7.47116830920406282956		 
 		-7.47000003675340629172		 
 		-7.47000003675340629172		 
 		-7.47000003675340629172		 
 		-7.47000003675340629172		 
 		-7.47000003675340629172		 
 		-7.47000003675340629172		 
 		-7.47000003675340629172		 
 		-7.47000003675340629172		 
 		-7.47000003675340629172		 
 		-7.47344012014684988543		 
 		-7.47344012014684988543		 
 		-7.47344012014684988543		 
 		-7.47344012014684988543		 
 		-7.47344012014684988543		 
 		-7.47344012014684988543		 
 		-7.47344012014684988543		 
 		-7.47344012014684988543		 
 		-7.47344012014684988543		 
 		-7.47344012014684988543		 
 		-7.47344012014684988543		 
 		-7.47344012014684988543		 
 		-7.47344012014684988543		 
 		-7.47344012014684988543		 
 		-7.47344012014684988543		 
 		-7.47344012014684988543		 
 		-7.47344012014684988543		 
 		-7.47344012014684988543		 
 		-7.47344012014684988543		 
 		-7.47344012014684988543		 
 		-7.47344012014684988543		 
 		-7.47344012014684988543		 
 		-7.47344012014684988543		 
 		-7.47344012014684988543		 
 		-7.47344012014684988543		 
 		-7.47344012014684988543		 
 		-7.47344012014684988543		 
 		-7.47344012014684988543		 
 		-7.47344012014684988543		 
 		-7.47344012014684988543		 
 		-7.47344012014684988543		 
 		-7.47344012014684988543		 
 		-7.47344012014684988543		 
 		-7.47344012014684988543		 
 		-7.47344012014684988543		 
 		-7.47344012014684988543		 
 		-7.47344012014684988543		 
 		-7.47344012014684988543		 
 		-7.47344012014684988543		 
 		-7.47344012014684988543		 
 		-7.47344012014684988543		 
 		-7.47344012014684988543		 
 		-7.47344012014684988543		 
 		-7.47344012014684988543		 
 		-7.47344012014684988543		 
 		-7.47222529962755643851		 
 		-7.47222529962755643851		 
 		-7.47222529962755643851		 
 		-7.47222529962755643851		 
 		-7.47222529962755643851		 
 		-7.47222529962755643851		 
 		-7.47222529962755643851		 
 		-7.47222529962755643851		 
 		-7.47222529962755643851		 
 		-7.47147564719071866080		 
 		-7.47147564719071866080		 
 		-7.47147564719071866080		 
 		-7.47147564719071866080		 
 		-7.47147564719071866080		 
 		-7.47147564719071866080		 
 		-7.47147564719071866080		 
 		-7.47147564719071866080		 
 		-7.47147564719071866080		 
 		-7.46999998053916236529		 
 		-7.46999998053916236529		 
 		-7.46999998053916236529		 
 		-7.46999998053916236529		 
 		-7.46999998053916236529		 
 		-7.46999998053916236529		 
 		-7.46999998053916236529		 
 		-7.46999998053916236529		 
 		-7.46999998053916236529		 
 		-7.47344012014684988543		 
 		-7.47344012014684988543		 
 		-7.47344012014684988543		 
 		-7.47344012014684988543		 
 		-7.47344012014684988543		 
 		-7.47344012014684988543		 
 		-7.47344012014684988543		 
 		-7.47344012014684988543		 
 		-7.47344012014684988543		 
 		-7.47344012281125014141		 
 		-7.47344012281125014141		 
 		-7.47344012281125014141		 
 		-7.47344012281125014141		 
 		-7.47344012281125014141		 
 		-7.47344012281125014141		 
 		-7.47344012281125014141		 
 		-7.47344012281125014141		 
 		-7.47344012281125014141		 
 		-7.47344012281125014141		 
 		-7.47344012281125014141		 
 		-7.47344012281125014141		 
 		-7.47344012281125014141		 
 		-7.47344012281125014141		 
 		-7.47344012281125014141		 
 		-7.47344012281125014141		 
 		-7.47344012281125014141		 
 		-7.47344012281125014141		 
 		-7.47344012281125014141		 
 		-7.47344012281125014141		 
 		-7.47344012281125014141		 
 		-7.47344012281125014141		 
 		-7.47344012281125014141		 
 		-7.47344012281125014141		 
 		-7.47344012281125014141		 
 		-7.47344012281125014141		 
 		-7.47344012281125014141		 
 		-7.47344012281125014141		 
 		-7.47344012281125014141		 
 		-7.47344012281125014141		 
 		-7.47344012281125014141		 
 		-7.47344012281125014141		 
 		-7.47344012281125014141		 
 		-7.47344012281125014141		 
 		-7.47344012281125014141		 
 		-7.47344012281125014141		 
 		-7.47344012281125014141		 
 		-7.47344012281125014141		 
 		-7.47344012281125014141		 
 		-7.47344012281125014141		 
 		-7.47344012281125014141		 
 		-7.47344012281125014141		 
 		-7.47344012281125014141		 
 		-7.47344012281125014141		 
 		-7.47344012281125014141		 
 		-7.47391906308884390597		 
 		-7.47391906308884390597		 
 		-7.47391906308884390597		 
 		-7.47391906308884390597		 
 		-7.47391906308884390597		 
 		-7.47391906308884390597		 
 		-7.47391906308884390597		 
 		-7.47391906308884390597		 
 		-7.47391906308884390597		 
 		-7.47278364776887471521		 
 		-7.47278364776887471521		 
 		-7.47278364776887471521		 
 		-7.47278364776887471521		 
 		-7.47278364776887471521		 
 		-7.47278364776887471521		 
 		-7.47278364776887471521		 
 		-7.47278364776887471521		 
 		-7.47278364776887471521		 
 		-7.47391680798793167639		 
 		-7.47391680798793167639		 
 		-7.47391680798793167639		 
 		-7.47391680798793167639		 
 		-7.47391680798793167639		 
 		-7.47391680798793167639		 
 		-7.47321135938241276619		 
 		-7.47321135938241276619		 
 		-7.47321135938241276619		 
 		-7.47321135938241276619		 
 		-7.47321135938241276619		 
 		-7.47321135938241276619		 
 		-7.47321135938241276619		 
 		-7.47321135938241276619		 
 		-7.47321135938241276619		 
 		-7.47175936515704997021		 
 		-7.47175936515704997021		 
 		-7.47175936515704997021		 
 		-7.47175936515704997021		 
 		-7.47175936515704997021		 
 		-7.47175936515704997021		 
 		-7.47175936515704997021		 
 		-7.47175936515704997021		 
 		-7.47175936515704997021		 
 		-7.46885582639218714718		 
 		-7.46885582639218714718		 
 		-7.46885582639218714718		 
 		-7.46885582639218714718		 
 		-7.46885582639218714718		 
 		-7.46885582639218714718		 
 		-7.46885582639218714718		 
 		-7.46885582639218714718		 
 		-7.46885582639218714718		 
 		-7.46885582639218714718		 
 		-7.46885582639218714718		 
 		-7.46885582639218714718		 
 		-7.46885582639218714718		 
 		-7.46885582639218714718		 
 		-7.46885582639218714718		 
 		-7.46885582639218714718		 
 		-7.46885582639218714718		 
 		-7.46885582639218714718		 
 		-7.46885582639219336443		 
 		-7.46885582639219336443		 
 		-7.46885582639219336443		 
 		-7.46885582639219336443		 
 		-7.46885582639219336443		 
 		-7.46885582639219336443		 
 		-7.46885582639219336443		 
 		-7.46885582639219336443		 
 		-7.46885582639219336443		 
 		-7.46885582639219336443		 
 		-7.46885582639219336443		 
 		-7.46885582639219336443		 
 		-7.46885582639219336443		 
 		-7.46885582639219336443		 
 		-7.46885582639219336443		 
 		-7.46885582639219336443		 
 		-7.46885582639219336443		 
 		-7.46885582639219336443		 
 		-7.46885582639219336443		 
 		-7.46885582639219336443		 
 		-7.46885582639219336443		 
 		-7.46885582639219336443		 
 		-7.46885582639219336443		 
 		-7.46885582639219336443		 
 		-7.46885582639219336443		 
 		-7.46885582639219336443		 
 		-7.46885582639219336443		 
 		-7.46885582639218714718		 
 		-7.46885582639218714718		 
 		-7.46885582639218714718		 
 		-7.46885582639218714718		 
 		-7.46885582639218714718		 
 		-7.46885582639218714718		 
 		-7.46885582639218714718		 
 		-7.46885582639218714718		 
 		-7.46885582639218714718		 
 		-7.46885582639218714718		 
 		-7.46885582639218714718		 
 		-7.46885582639218714718		 
 		-7.46885582639218714718		 
 		-7.46885582639218714718		 
 		-7.46885582639218714718		 
 		-7.46885582639218714718		 
 		-7.46885582639218714718		 
 		-7.46885582639218714718		 
 		-7.46885582639218714718		 
 		-7.46885582639218714718		 
 		-7.46885582639218714718		 
 		-7.46885582639218714718		 
 		-7.46885582639218714718		 
 		-7.46885582639218714718		 
 		-7.46885582639218714718		 
 		-7.46885582639218714718		 
 		-7.46885582639218714718		 
 		-7.46878324560508133345		 
 		-7.46878324560508133345		 
 		-7.46878324560508133345		 
 		-7.46878324560508133345		 
 		-7.46878324560508133345		 
 		-7.46878324560508133345		 
 		-7.46878324560508133345		 
 		-7.46878324560508133345		 
 		-7.46878324560508133345		 
 		-7.46900098909061860297		 
 		-7.46900098909061860297		 
 		-7.46900098909061860297		 
 		-7.46900098909061860297		 
 		-7.46900098909061860297		 
 		-7.46900098909061860297		 
 		-7.46900098909061860297		 
 		-7.46900098909061860297		 
 		-7.46900098909061860297		 
 		-7.46885582639218714718		 
 		-7.46885582639218714718		 
 		-7.46885582639218714718		 
 		-7.46885582639218714718		 
 		-7.46885582639218714718		 
 		-7.46885582639218714718		 
 		-7.46885582639218714718		 
 		-7.46885582639218714718		 
 		-7.46885582639218714718		 
 		-7.46892840755402520614		 
 		-7.46892840755402520614		 
 		-7.46892840755402520614		 
 		-7.46892840755402520614		 
 		-7.46892840755402520614		 
 		-7.46892840755402520614		 
 		-7.46892840755402520614		 
 		-7.46892840755402520614		 
 		-7.46892840755402520614		 
 		-7.46885582011206228259		 
 		-7.46885582011206228259		 
 		-7.46885582011206228259		 
 		-7.46885582011206228259		 
 		-7.46885582011206228259		 
 		-7.46885582011206228259		 
 		-7.46885582011206228259		 
 		-7.46885582011206228259		 
 		-7.46885582011206228259		 
 		-7.46885582011206228259		 
 		-7.46885582011206228259		 
 		-7.46885582011206228259		 
 		-7.46885582011206228259		 
 		-7.46885582011206228259		 
 		-7.46885582011206228259		 
 		-7.46885582011206228259		 
 		-7.46885582011206228259		 
 		-7.46885582011206228259		 
 		-7.46885582011206228259		 
 		-7.46885582011206228259		 
 		-7.46885582011206228259		 
 		-7.46885582011206228259		 
 		-7.46885582011206228259		 
 		-7.46885582011206228259		 
 		-7.46885582011206228259		 
 		-7.46885582011206228259		 
 		-7.46885582011206228259		 
 		-7.46885582011205606534		 
 		-7.46885582011205606534		 
 		-7.46885582011205606534		 
 		-7.46885582011205606534		 
 		-7.46885582011205606534		 
 		-7.46885582011205606534		 
 		-7.46885582011205606534		 
 		-7.46885582011205606534		 
 		-7.46885582011205606534		 
 		-7.46885582011206228259		 
 		-7.46885582011206228259		 
 		-7.46885582011206228259		 
 		-7.46885582011206228259		 
 		-7.46885582011206228259		 
 		-7.46885582011206228259		 
 		-7.46885582011206228259		 
 		-7.46885582011206228259		 
 		-7.46885582011206228259		 
 		-7.46885582011205606534		 
 		-7.46885582011205606534		 
 		-7.46885582011205606534		 
 		-7.46885582011205606534		 
 		-7.46885582011205606534		 
 		-7.46885582011205606534		 
 		-7.46885582011205606534		 
 		-7.46885582011205606534		 
 		-7.46885582011205606534		 
 		-7.46885582011206228259		 
 		-7.46885582011206228259		 
 		-7.46885582011206228259		 
 		-7.46885582011206228259		 
 		-7.46885582011206228259		 
 		-7.46885582011206228259		 
 		-7.46885582011206228259		 
 		-7.46885582011206228259		 
 		-7.46885582011206228259		 
 		-7.46885582011205606534		 
 		-7.46885582011205606534		 
 		-7.46885582011205606534		 
 		-7.46885582011205606534		 
 		-7.46885582011205606534		 
 		-7.46885582011205606534		 
 		-7.46885582011205606534		 
 		-7.46885582011205606534		 
 		-7.46885582011205606534		 
 		-7.46935823808135612722		 
 		-7.46935823808135612722		 
 		-7.46935823808135612722		 
 		-7.46935823808135612722		 
 		-7.46935823808135612722		 
 		-7.46935823808135612722		 
 		-7.46935823808135612722		 
 		-7.46935823808135612722		 
 		-7.46935823808135612722		 
 		-7.46403262178621851319		 
 		-7.46403262178621851319		 
 		-7.46403262178621851319		 
 		-7.46403262178621851319		 
 		-7.46403262178621851319		 
 		-7.46403262178621851319		 
 		-7.46403262178621851319		 
 		-7.46403262178621851319		 
 		-7.46403262178621851319		 
 		-7.46967366440548730111		 
 		-7.46967366440548730111		 
 		-7.46967366440548730111		 
 		-7.46967366440548730111		 
 		-7.46967366440548730111		 
 		-7.46967366440548730111		 
 		-7.46967366440548730111		 
 		-7.46967366440548730111		 
 		-7.46967366440548730111		 
 		-7.46988606280931843884		 
 		-7.46988606280931843884		 
 		-7.46988606280931843884		 
 		-7.46988606280931843884		 
 		-7.46988606280931843884		 
 		-7.46988606280931843884		 
 		-7.46988606280931843884		 
 		-7.46988606280931843884		 
 		-7.46988606280931843884		 
 		-7.46993323419736832136		 
 		-7.46993323419736832136		 
 		-7.46993323419736832136		 
 		-7.46993323419736832136		 
 		-7.46993323419736832136		 
 		-7.46993323419736832136		 
 		-7.46993323419736832136		 
 		-7.46993323419736832136		 
 		-7.46993323419736832136		 
 		-7.46993323419736832136		 
 		-7.46993323419736832136		 
 		-7.46993323419736832136		 
 		-7.46993323419736832136		 
 		-7.46993323419736832136		 
 		-7.46993323419736832136		 
 		-7.46993323419736832136		 
 		-7.46993323419736832136		 
 		-7.46993323419736832136		 
 		-7.46993323419736832136		 
 		-7.46993323419736832136		 
 		-7.46993323419736832136		 
 		-7.46993323419736832136		 
 		-7.46993323419736832136		 
 		-7.46993323419736832136		 
 		-7.46993323419736832136		 
 		-7.46993323419736832136		 
 		-7.46993323419736832136		 
 		-7.46993323419736832136		 
 		-7.46993323419736832136		 
 		-7.46993323419736832136		 
 		-7.46993323419736832136		 
 		-7.46993323419736832136		 
 		-7.46993323419736832136		 
 		-7.46993323419736832136		 
 		-7.46993323419736832136		 
 		-7.46993323419736832136		 
 		-7.46993323419736832136		 
 		-7.46993323419736832136		 
 		-7.46993323419736832136		 
 		-7.46993323419736832136		 
 		-7.46993323419736832136		 
 		-7.46993323419736832136		 
 		-7.46993323419736832136		 
 		-7.46993323419736832136		 
 		-7.46993323419736832136		 
 		-7.46993323419737542679		 
 		-7.46993323419737542679		 
 		-7.46993323419737542679		 
 		-7.46993323419737542679		 
 		-7.46993323419737542679		 
 		-7.46993323419737542679		 
 		-7.46993323419737542679		 
 		-7.46993323419737542679		 
 		-7.46993323419737542679		 
 		-7.46993323419736832136		 
 		-7.46993323419736832136		 
 		-7.46993323419736832136		 
 		-7.46993323419736832136		 
 		-7.46993323419736832136		 
 		-7.46993323419736832136		 
 		-7.46993323419736832136		 
 		-7.46993323419736832136		 
 		-7.46993323419736832136		 
 		-7.46993323419736832136		 
 		-7.46993323419736832136		 
 		-7.46993323419736832136		 
 		-7.46993323419736832136		 
 		-7.46993323419736832136		 
 		-7.46993323419736832136		 
 		-7.46993323419736832136		 
 		-7.46993323419736832136		 
 		-7.46993323419736832136		 
 		-7.46993323419736832136		 
 		-7.46993323419736832136		 
 		-7.46993323419736832136		 
 		-7.46993323419736832136		 
 		-7.46993323419736832136		 
 		-7.46993323419736832136		 
 		-7.46993323419736832136		 
 		-7.46993323419736832136		 
 		-7.46993323419736832136		 
 		-7.46993323419736832136		 
 		-7.46993323419736832136		 
 		-7.46993323419736832136		 
 		-7.46993323419736832136		 
 		-7.46993323419736832136		 
 		-7.46993323419736832136		 
 		-7.46993323419736832136		 
 		-7.46993323419736832136		 
 		-7.46993323419736832136		 
 		-7.46993323419736832136		 
 		-7.46993323419736832136		 
 		-7.46993323419736832136		 
 		-7.46993323419736832136		 
 		-7.46993323419736832136		 
 		-7.46993323419736832136		 
 		-7.46993323419736832136		 
 		-7.46993323419736832136		 
 		-7.46993323419736832136		 
 		-7.46992797723981283298		 
 		-7.46992797723981283298		 
 		-7.46992797723981283298		 
 		-7.46992797723981283298		 
 		-7.46992797723981283298		 
 		-7.46992797723981283298		 
 		-7.46992797723981283298		 
 		-7.46992797723981283298		 
 		-7.46992797723981283298		 
 		-7.46993849115863106647		 
 		-7.46993849115863106647		 
 		-7.46993849115863106647		 
 		-7.46993849115863106647		 
 		-7.46993849115863106647		 
 		-7.46993849115863106647		 
 		-7.46993849115863106647		 
 		-7.46993849115863106647		 
 		-7.46993849115863106647		 
 		-7.46990169250844981974		 
 		-7.46990169250844981974		 
 		-7.46990169250844981974		 
 		-7.46990169250844981974		 
 		-7.46990169250844981974		 
 		-7.46990169250844981974		 
 		-7.46990169250844981974		 
 		-7.46990169250844981974		 
 		-7.46990169250844981974		 
 		-7.47003837413697535652		 
 		-7.47003837413697535652		 
 		-7.47003837413697535652		 
 		-7.47003837413697535652		 
 		-7.47003837413697535652		 
 		-7.47003837413697535652		 
 		-7.47003837413697535652		 
 		-7.47003837413697535652		 
 		-7.47003837413697535652		 
 		-7.46993323419736832136		 
 		-7.46993323419736832136		 
 		-7.46993323419736832136		 
 		-7.46993323419736832136		 
 		-7.46993323419736832136		 
 		-7.46993323419736832136		 
 		-7.46993323419736832136		 
 		-7.46993323419736832136		 
 		-7.46993323419736832136		 
 		-7.46921392199650657773		 
 		-7.46921392199650657773		 
 		-7.46921392199650657773		 
 		-7.46921392199650657773		 
 		-7.46921392199650657773		 
 		-7.46921392199650657773		 
 		-7.46921392199650657773		 
 		-7.46921392199650657773		 
 		-7.46921392199650657773		 
 		-7.46996386783960009126		 
 		-7.46996386783960009126		 
 		-7.46996386783960009126		 
 		-7.46996386783960009126		 
 		-7.46996386783960009126		 
 		-7.46996386783960009126		 
 		-7.46996386783960009126		 
 		-7.46996386783960009126		 
 		-7.46996386783960009126		 
 		-7.46993323419736832136		 
 		-7.46993323419736832136		 
 		-7.46993323419736832136		 
 		-7.46993323419736832136		 
 		-7.46993323419736832136		 
 		-7.46993323419736832136		 
 		-7.46993323419736832136		 
 		-7.46993323419736832136		 
 		-7.46993323419736832136		 
 		-7.46993323419736832136		 
 		-7.46993323419736832136		 
 		-7.46993323419736832136		 
 		-7.46993323419736832136		 
 		-7.46993323419736832136		 
 		-7.46993323419736832136		 
 		-7.46993323419736832136		 
 		-7.46993323419736832136		 
 		-7.46993323419736832136		 
 		-7.46967366440548108386		 
 		-7.46967366440548108386		 
 		-7.46967366440548108386		 
 		-7.46967366440548108386		 
 		-7.46967366440548108386		 
 		-7.46967366440548108386		 
 		-7.46967366440548108386		 
 		-7.46967366440548108386		 
 		-7.46967366440548108386		 
 		-7.46967366440548108386		 
 		-7.46967366440548108386		 
 		-7.46967366440548108386		 
 		-7.46967366440548108386		 
 		-7.46967366440548108386		 
 		-7.46967366440548108386		 
 		-7.46967366440548108386		 
 		-7.46967366440548108386		 
 		-7.46967366440548108386		 
 		-7.46967366440548108386		 
 		-7.46967366440548108386		 
 		-7.46967366440548108386		 
 		-7.46967366440548108386		 
 		-7.46967366440548108386		 
 		-7.46967366440548108386		 
 		-7.46967366440548108386		 
 		-7.46967366440548108386		 
 		-7.46967366440548108386		 
 		-7.46967366440548108386		 
 		-7.46967366440548108386		 
 		-7.46967366440548108386		 
 		-7.46967366440548108386		 
 		-7.46967366440548108386		 
 		-7.46967366440548108386		 
 		-7.46967366440548108386		 
 		-7.46967366440548108386		 
 		-7.46967366440548108386		 
 		-7.46522958344135023623		 
 		-7.46522958344135023623		 
 		-7.46522958344135023623		 
 		-7.46522958344135023623		 
 		-7.46522958344135023623		 
 		-7.46522958344135023623		 
 		-7.46522958344135023623		 
 		-7.46522958344135023623		 
 		-7.46522958344135023623		 
 		-7.46997451955561864168		 
 		-7.46997451955561864168		 
 		-7.46997451955561864168		 
 		-7.46997451955561864168		 
 		-7.46997451955561864168		 
 		-7.46997451955561864168		 
 		-7.46997451955561864168		 
 		-7.46997451955561864168		 
 		-7.46997451955561864168		 
 		-7.46998370129678779250		 
 		-7.46998370129678779250		 
 		-7.46998370129678779250		 
 		-7.46998370129678779250		 
 		-7.46998370129678779250		 
 		-7.46998370129678779250		 
 		-7.46998370129678779250		 
 		-7.46998370129678779250		 
 		-7.46998370129678779250		 
 		-7.46522958344135023623		 
 		-7.46522958344135023623		 
 		-7.46522958344135023623		 
 		-7.46522958344135023623		 
 		-7.46522958344135023623		 
 		-7.46522958344135023623		 
 		-7.46522958344135023623		 
 		-7.46522958344135023623		 
 		-7.46522958344135023623		 
 		-7.46605665367208093386		 
 		-7.46605665367208093386		 
 		-7.46605665367208093386		 
 		-7.46605665367208093386		 
 		-7.46605665367208093386		 
 		-7.46605665367208093386		 
 		-7.46605665367208093386		 
 		-7.46605665367208093386		 
 		-7.46605665367208093386		 
 		-7.46522958344135023623		 
 		-7.46522958344135023623		 
 		-7.46522958344135023623		 
 		-7.46522958344135023623		 
 		-7.46522958344135023623		 
 		-7.46522958344135023623		 
 		-7.46522958344135023623		 
 		-7.46522958344135023623		 
 		-7.46522958344135023623		 
 		-7.46461110508286918019		 
 		-7.46461110508286918019		 
 		-7.46461110508286918019		 
 		-7.46461110508286918019		 
 		-7.46461110508286918019		 
 		-7.46461110508286918019		 
 		-7.46461110508286918019		 
 		-7.46461110508286918019		 
 		-7.46461110508286918019		 
 		-7.46151911145380619672		 
 		-7.46151911145380619672		 
 		-7.46151911145380619672		 
 		-7.46151911145380619672		 
 		-7.46151911145380619672		 
 		-7.46151911145380619672		 
 		-7.46151911145380619672		 
 		-7.46151911145380619672		 
 		-7.46151911145380619672		 
 		-7.47079708311411216926		 
 		-7.47079708311411216926		 
 		-7.47079708311411216926		 
 		-7.47079708311411216926		 
 		-7.47079708311411216926		 
 		-7.47079708311411216926		 
 		-7.47079708311411216926		 
 		-7.47079708311411216926		 
 		-7.47079708311411216926		 
 		-7.46770376231076227214		 
 		-7.46770376231076227214		 
 		-7.46770376231076227214		 
 		-7.46770376231076227214		 
 		-7.46770376231076227214		 
 		-7.46770376231076227214		 
 		-7.46770376231076227214		 
 		-7.46770376231076227214		 
 		-7.46770376231076227214		 
 		-7.47296280249146249730		 
 		-7.47296280249146249730		 
 		-7.47296280249146249730		 
 		-7.47296280249146249730		 
 		-7.47296280249146249730		 
 		-7.47296280249146249730		 
 		-7.47296280249146249730		 
 		-7.47296280249146249730		 
 		-7.47296280249146249730		 
 		-7.47067046308138138500		 
 		-7.47067046308138138500		 
 		-7.47067046308138138500		 
 		-7.47067046308138138500		 
 		-7.47067046308138138500		 
 		-7.47067046308138138500		 
 		-7.47067046308138138500		 
 		-7.47067046308138138500		 
 		-7.47067046308138138500		 
 		-7.47154533659886244124		 
 		-7.47154533659886244124		 
 		-7.47154533659886244124		 
 		-7.47154533659886244124		 
 		-7.47154533659886244124		 
 		-7.47154533659886244124		 
 		-7.47154533659886244124		 
 		-7.47154533659886244124		 
 		-7.47154533659886244124		 
 		-7.46747522271416919182		 
 		-7.46747522271416919182		 
 		-7.46747522271416919182		 
 		-7.46747522271416919182		 
 		-7.46747522271416919182		 
 		-7.46747522271416919182		 
 		-7.46747522271416919182		 
 		-7.46747522271416919182		 
 		-7.46747522271416919182		 
 		-7.46885582011206228259		 
 		-7.46885582011206228259		 
 		-7.46885582011206228259		 
 		-7.46885582011206228259		 
 		-7.46885582011206228259		 
 		-7.46885582011206228259		 
 		-7.46885582011206228259		 
 		-7.46885582011206228259		 
 		-7.46885582011206228259		 
 		-7.46885582011205606534		 
 		-7.46885582011205606534		 
 		-7.46885582011205606534		 
 		-7.46885582011205606534		 
 		-7.46885582011205606534		 
 		-7.46885582011205606534		 
 		-7.46885582011205606534		 
 		-7.46885582011205606534		 
 		-7.46885582011205606534		 
 		-7.46885582011205606534		 
 		-7.46885582011205606534		 
 		-7.46885582011205606534		 
 		-7.46885582011205606534		 
 		-7.46885582011205606534		 
 		-7.46885582011205606534		 
 		-7.46885582011205606534		 
 		-7.46885582011205606534		 
 		-7.46885582011205606534		 
 		-7.46885582011206228259		 
 		-7.46885582011206228259		 
 		-7.46885582011206228259		 
 		-7.46885582011206228259		 
 		-7.46885582011206228259		 
 		-7.46885582011206228259		 
 		-7.46885582011206228259		 
 		-7.46885582011206228259		 
 		-7.46885582011206228259		 
 		-7.46885582011205606534		 
 		-7.46885582011205606534		 
 		-7.46885582011205606534		 
 		-7.46885582011205606534		 
 		-7.46885582011205606534		 
 		-7.46885582011205606534		 
 		-7.46885582011205606534		 
 		-7.46885582011205606534		 
 		-7.46885582011205606534		 
 		-7.47000001318993778199		 
 		-7.47000001318993778199		 
 		-7.47000001318993778199		 
 		-7.47000001318993778199		 
 		-7.47000001318993778199		 
 		-7.47000001318993778199		 
 		-7.47000001318993778199		 
 		-7.47000001318993778199		 
 		-7.47000001318993778199		 
 		-7.47031788515423134101		 
 		-7.47031788515423134101		 
 		-7.47031788515423134101		 
 		-7.47031788515423134101		 
 		-7.47031788515423134101		 
 		-7.47031788515423134101		 
 		-7.47031788515423134101		 
 		-7.47031788515423134101		 
 		-7.47031788515423134101		 
 		-7.47061300359670621418		 
 		-7.47061300359670621418		 
 		-7.47061300359670621418		 
 		-7.47061300359670621418		 
 		-7.47061300359670621418		 
 		-7.47061300359670621418		 
 		-7.47061300359670621418		 
 		-7.47061300359670621418		 
 		-7.47061300359670621418		 
 		-7.47031788515423134101		 
 		-7.47031788515423134101		 
 		-7.47031788515423134101		 
 		-7.47031788515423134101		 
 		-7.47031788515423134101		 
 		-7.47031788515423134101		 
 		-7.47031788515423134101		 
 		-7.47031788515423134101		 
 		-7.47031788515423134101		 
 		-7.47061300359670621418		 
 		-7.47061300359670621418		 
 		-7.47061300359670621418		 
 		-7.47061300359670621418		 
 		-7.47061300359670621418		 
 		-7.47061300359670621418		 
 		-7.47061300359670621418		 
 		-7.47061300359670621418		 
 		-7.47061300359670621418		 
 		-7.47032216839411233877		 
 		-7.47032216839411233877		 
 		-7.47032216839411233877		 
 		-7.47032216839411233877		 
 		-7.47032216839411233877		 
 		-7.47032216839411233877		 
 		-7.47032216839411233877		 
 		-7.47032216839411233877		 
 		-7.47032216839411233877		 
 		-7.47034310185306260621		 
 		-7.47034310185306260621		 
 		-7.47034310185306260621		 
 		-7.47034310185306260621		 
 		-7.47034310185306260621		 
 		-7.47034310185306260621		 
 		-7.47034310185306260621		 
 		-7.47034310185306260621		 
 		-7.47034310185306260621		 
 		-7.47025442264137495840		 
 		-7.47025442264137495840		 
 		-7.47025442264137495840		 
 		-7.47025442264137495840		 
 		-7.47025442264137495840		 
 		-7.47025442264137495840		 
 		-7.47025442264137495840		 
 		-7.47025442264137495840		 
 		-7.47025442264137495840		 
 		-7.47017882621682538513		 
 		-7.47017882621682538513		 
 		-7.47017882621682538513		 
 		-7.47017882621682538513		 
 		-7.47017882621682538513		 
 		-7.47017882621682538513		 
 		-7.47017882621682538513		 
 		-7.47017882621682538513		 
 		-7.47017882621682538513		 
 		-7.47012380486508131838		 
 		-7.47012380486508131838		 
 		-7.47012380486508131838		 
 		-7.47012380486508131838		 
 		-7.47012380486508131838		 
 		-7.47012380486508131838		 
 		-7.47012380486508131838		 
 		-7.47012380486508131838		 
 		-7.47012380486508131838		 
 		-7.47009537952518787307		 
 		-7.47009537952518787307		 
 		-7.47009537952518787307		 
 		-7.47009537952518787307		 
 		-7.47009537952518787307		 
 		-7.47009537952518787307		 
 		-7.47009537952518787307		 
 		-7.47009537952518787307		 
 		-7.47009537952518787307		 
 		-7.47019013136447540546		 
 		-7.47019013136447540546		 
 		-7.47019013136447540546		 
 		-7.47019013136447540546		 
 		-7.47019013136447540546		 
 		-7.47019013136447540546		 
 		-7.47019013136447540546		 
 		-7.47019013136447540546		 
 		-7.47019013136447540546		 
 		-7.47019013136446918821		 
 		-7.47019013136446918821		 
 		-7.47019013136446918821		 
 		-7.47019013136446918821		 
 		-7.47019013136446918821		 
 		-7.47019013136446918821		 
 		-7.47019013136446918821		 
 		-7.47019013136446918821		 
 		-7.47019013136446918821		 
 		-7.47019013136447540546		 
 		-7.47019013136447540546		 
 		-7.47019013136447540546		 
 		-7.47019013136447540546		 
 		-7.47019013136447540546		 
 		-7.47019013136447540546		 
 		-7.47019013136447540546		 
 		-7.47019013136447540546		 
 		-7.47019013136447540546		 
 		-7.47019013136446918821		 
 		-7.47019013136446918821		 
 		-7.47019013136446918821		 
 		-7.47019013136446918821		 
 		-7.47019013136446918821		 
 		-7.47019013136446918821		 
 		-7.47019013136446918821		 
 		-7.47019013136446918821		 
 		-7.47019013136446918821		 
 		-7.47019013136447540546		 
 		-7.47019013136447540546		 
 		-7.47019013136447540546		 
 		-7.47019013136447540546		 
 		-7.47019013136447540546		 
 		-7.47019013136447540546		 
 		-7.47019013136447540546		 
 		-7.47019013136447540546		 
 		-7.47019013136447540546		 
 		-7.47019013136446918821		 
 		-7.47019013136446918821		 
 		-7.47019013136446918821		 
 		-7.47019013136446918821		 
 		-7.47019013136446918821		 
 		-7.47019013136446918821		 
 		-7.47019013136446918821		 
 		-7.47019013136446918821		 
 		-7.47019013136446918821		 
 		-7.47019013136446918821		 
 		-7.47019013136446918821		 
 		-7.47019013136446918821		 
 		-7.47019013136446918821		 
 		-7.47019013136446918821		 
 		-7.47019013136446918821		 
 		-7.47019013136446918821		 
 		-7.47019013136446918821		 
 		-7.47019013136446918821		 
 		-7.47019013136446918821		 
 		-7.47019013136446918821		 
 		-7.47019013136446918821		 
 		-7.47019013136446918821		 
 		-7.47019013136446918821		 
 		-7.47019013136446918821		 
 		-7.47019013136446918821		 
 		-7.47019013136446918821		 
 		-7.47019013136446918821		 
 		-7.47019013136446918821		 
 		-7.47019013136446918821		 
 		-7.47019013136446918821		 
 		-7.47019013136446918821		 
 		-7.47019013136446918821		 
 		-7.47019013136446918821		 
 		-7.47019013136446918821		 
 		-7.47019013136446918821		 
 		-7.47019013136446918821		 
 		-7.47019013136447540546		 
 		-7.47019013136447540546		 
 		-7.47019013136447540546		 
 		-7.47019013136447540546		 
 		-7.47019013136447540546		 
 		-7.47019013136447540546		 
 		-7.47019013136447540546		 
 		-7.47019013136447540546		 
 		-7.47019013136447540546		 
 		-7.47019013136447540546		 
 		-7.47019013136447540546		 
 		-7.47019013136447540546		 
 		-7.47019013136447540546		 
 		-7.47019013136447540546		 
 		-7.47019013136447540546		 
 		-7.47019013136447540546		 
 		-7.47019013136447540546		 
 		-7.47019013136447540546		 
 		-7.47019013136446918821		 
 		-7.47019013136446918821		 
 		-7.47019013136446918821		 
 		-7.47019013136446918821		 
 		-7.47019013136446918821		 
 		-7.47019013136446918821		 
 		-7.47019013136446918821		 
 		-7.47019013136446918821		 
 		-7.47019013136446918821		 
 		-7.47000014099996878514		 
 		-7.47000014099996878514		 
 		-7.47000014099996878514		 
 		-7.47000014099996878514		 
 		-7.47000014099996878514		 
 		-7.47000014099996878514		 
 		-7.47000014099996878514		 
 		-7.47000014099996878514		 
 		-7.47000014099996878514		 
 		-7.47000003356336250704		 
 		-7.47000003356336250704		 
 		-7.47000003356336250704		 
 		-7.47000003356336250704		 
 		-7.47000003356336250704		 
 		-7.47000003356336250704		 
 		-7.47000003356336250704		 
 		-7.47000003356336250704		 
 		-7.47000003356336250704		 
 		-7.47000007839773783047		 
 		-7.47000007839773783047		 
 		-7.47000007839773783047		 
 		-7.47000007839773783047		 
 		-7.47000007839773783047		 
 		-7.47000007839773783047		 
 		-7.47000007839773783047		 
 		-7.47000007839773783047		 
 		-7.47000007839773783047		 
 		-7.47000005526633792385		 
 		-7.47000005526633792385		 
 		-7.47000005526633792385		 
 		-7.47000005526633792385		 
 		-7.47000005526633792385		 
 		-7.47000005526633792385		 
 		-7.47000005526633792385		 
 		-7.47000005526633792385		 
 		-7.47000005526633792385		 
 		-7.47000018091228135120		 
 		-7.47000018091228135120		 
 		-7.47000018091228135120		 
 		-7.47000018091228135120		 
 		-7.47000018091228135120		 
 		-7.47000018091228135120		 
 		-7.47000018091228135120		 
 		-7.47000018091228135120		 
 		-7.47000018091228135120		 
 		-7.47000022625081872008		 
 		-7.47000022625081872008		 
 		-7.47000022625081872008		 
 		-7.47000022625081872008		 
 		-7.47000022625081872008		 
 		-7.47000022625081872008		 
 		-7.47000022625081872008		 
 		-7.47000022625081872008		 
 		-7.47000022625081872008		 
 		-7.47000024573893739444		 
 		-7.47000024573893739444		 
 		-7.47000024573893739444		 
 		-7.47000024573893739444		 
 		-7.47000024573893739444		 
 		-7.47000024573893739444		 
 		-7.47000024573893739444		 
 		-7.47000024573893739444		 
 		-7.47000024573893739444		 
 		-7.47000022625081872008		 
 		-7.47000022625081872008		 
 		-7.47000022625081872008		 
 		-7.47000022625081872008		 
 		-7.47000022625081872008		 
 		-7.47000022625081872008		 
 		-7.47000022625081872008		 
 		-7.47000022625081872008		 
 		-7.47000022625081872008		 
 		-7.47000018091228135120		 
 		-7.47000018091228135120		 
 		-7.47000018091228135120		 
 		-7.47000018091228135120		 
 		-7.47000018091228135120		 
 		-7.47000018091228135120		 
 		-7.47000018091228135120		 
 		-7.47000018091228135120		 
 		-7.47000018091228135120		 
 		-7.47000010685140658495		 
 		-7.47000010685140658495		 
 		-7.47000010685140658495		 
 		-7.47000010685140658495		 
 		-7.47000010685140658495		 
 		-7.47000010685140658495		 
 		-7.47000010685140658495		 
 		-7.47000010685140658495		 
 		-7.47000010685140658495		 
 		-7.47000007839773783047		 
 		-7.47000007839773783047		 
 		-7.47000007839773783047		 
 		-7.47000007839773783047		 
 		-7.47000007839773783047		 
 		-7.47000007839773783047		 
 		-7.47000007839773783047		 
 		-7.47000007839773783047		 
 		-7.47000007839773783047		 
 		-7.47000007660926268471		 
 		-7.47000007660926268471		 
 		-7.47000007660926268471		 
 		-7.47000007660926268471		 
 		-7.47000007660926268471		 
 		-7.47000007660926268471		 
 		-7.47000007660926268471		 
 		-7.47000007660926268471		 
 		-7.47000007660926268471		 
 		-7.47000008018619343630		 
 		-7.47000008018619343630		 
 		-7.47000008018619343630		 
 		-7.47000008018619343630		 
 		-7.47000008018619343630		 
 		-7.47000008018619343630		 
 		-7.47000008018619343630		 
 		-7.47000008018619343630		 
 		-7.47000008018619343630		 
 		-7.47000008376312507608		 
 		-7.47000008376312507608		 
 		-7.47000008376312507608		 
 		-7.47000008376312507608		 
 		-7.47000008376312507608		 
 		-7.47000008376312507608		 
 		-7.47000008376312507608		 
 		-7.47000008376312507608		 
 		-7.47000008376312507608		 
 		-7.47000009091698746744		 
 		-7.47000009091698746744		 
 		-7.47000009091698746744		 
 		-7.47000009091698746744		 
 		-7.47000009091698746744		 
 		-7.47000009091698746744		 
 		-7.47000009091698746744		 
 		-7.47000009091698746744		 
 		-7.47000009091698746744		 
 		-7.47000009807084985880		 
 		-7.47000009807084985880		 
 		-7.47000009807084985880		 
 		-7.47000009807084985880		 
 		-7.47000009807084985880		 
 		-7.47000009807084985880		 
 		-7.47000009807084985880		 
 		-7.47000009807084985880		 
 		-7.47000009807084985880		 
 		-7.47000010522473090191		 
 		-7.47000010522473090191		 
 		-7.47000010522473090191		 
 		-7.47000010522473090191		 
 		-7.47000010522473090191		 
 		-7.47000010522473090191		 
 		-7.47000010522473090191		 
 		-7.47000010522473090191		 
 		-7.47000010522473090191		 
 		-7.47000010880165010718		 
 		-7.47000010880165010718		 
 		-7.47000010880165010718		 
 		-7.47000010880165010718		 
 		-7.47000010880165010718		 
 		-7.47000010880165010718		 
 		-7.47000010880165010718		 
 		-7.47000010880165010718		 
 		-7.47000010880165010718		 
 		-4.10000000017208687808		 
 		-4.10000000017208687808		 
 		-4.10000000017208687808		 
 		-4.10000000017208687808		 
 		-4.10000000017208687808		 
 		-4.10000000017208687808		 
 		-4.10000000017208687808		 
 		-4.10000000017208687808		 
 		-4.10000000017208687808		 
 		-4.29020860952670446409		 
 		-4.29020860952670446409		 
 		-4.29020860952670446409		 
 		-4.29020860952670446409		 
 		-4.29020860952670446409		 
 		-4.29020860952670446409		 
 		-4.29020860952670446409		 
 		-4.29020860952670446409		 
 		-4.29020860952670446409		 
 		-4.29020860952670446409		 
 		-4.29020860952670446409		 
 		-4.29020860952670446409		 
 		-4.29020860952670446409		 
 		-4.29020860952670446409		 
 		-4.29020860952670446409		 
 		-4.29020860952670446409		 
 		-4.29020860952670446409		 
 		-4.29020860952670446409		 
 		-4.29020860952670446409		 
 		-4.29020860952670446409		 
 		-4.29020860952670446409		 
 		-4.29020860952670446409		 
 		-4.29020860952670446409		 
 		-4.29020860952670446409		 
 		-4.29020860952670446409		 
 		-4.29020860952670446409		 
 		-4.29020860952670446409		 
 		-4.10000000017208687808		 
 		-4.10000000017208687808		 
 		-4.10000000017208687808		 
 		-4.10000000017208687808		 
 		-4.10000000017208687808		 
 		-4.10000000017208687808		 
 		-4.10000000017208687808		 
 		-4.10000000017208687808		 
 		-4.10000000017208687808		 
 		-6.81000000017351858617		 
 		-6.81000000017351858617		 
 		-6.81000000017351858617		 
 		-6.81000000017351858617		 
 		-6.81000000017351858617		 
 		-6.81000000017351858617		 
 		-6.81000000017351858617		 
 		-6.81000000017351858617		 
 		-6.81000000017351858617		 
 		                 inf		 
 		                 inf		 
 		                 inf		 
 		                 inf		 
 		                 inf		 
 		                 inf		 
 		                 inf		 
 		                 inf		 
 		                 inf		 
 		-5.30000000219934364054		 
 		-5.30000000219934364054		 
 		-5.30000000219934364054		 
 		-5.30000000219934364054		 
 		-5.30000000219934364054		 
 		-5.30000000219934364054		 
 		-5.30000000219934364054		 
 		-5.30000000219934364054		 
 		-5.30000000219934364054		 
 		-8.08999997787504376845		 
 		-8.08999997787504376845		 
 		-8.08999997787504376845		 
 		-8.08999997787504376845		 
 		-8.08999997787504376845		 
 		-8.08999997787504376845		 
 		-8.08999997787504376845		 
 		-8.08999997787504376845		 
 		-8.08999997787504376845		 
 		-8.09387206356856303557		 
 		-8.09387206356856303557		 
 		-8.09387206356856303557		 
 		-8.09387206356856303557		 
 		-8.09387206356856303557		 
 		-8.09387206356856303557		 
 		-8.09387206356856303557		 
 		-8.09387206356856303557		 
 		-8.09387206356856303557		 
 		-8.09578647478896229472		 
 		-8.09578647478896229472		 
 		-8.09578647478896229472		 
 		-8.09578647478896229472		 
 		-8.09578647478896229472		 
 		-8.09578647478896229472		 
 		-8.09578647478896229472		 
 		-8.09578647478896229472		 
 		-8.09578647478896229472		 
 		-8.09334390963389438411		 
 		-8.09334390963389438411		 
 		-8.09334390963389438411		 
 		-8.09334390963389438411		 
 		-8.09334390963389438411		 
 		-8.09334390963389438411		 
 		-8.09334390963389438411		 
 		-8.09334390963389438411		 
 		-8.09334390963389438411		 
 		-8.09387206356856303557		 
 		-8.09387206356856303557		 
 		-8.09387206356856303557		 
 		-8.09387206356856303557		 
 		-8.09387206356856303557		 
 		-8.09387206356856303557		 
 		-8.09387206356856303557		 
 		-8.09387206356856303557		 
 		-8.09387206356856303557		 
 		-8.09348292697286808561		 
 		-8.09348292697286808561		 
 		-8.09348292697286808561		 
 		-8.09348292697286808561		 
 		-8.09348292697286808561		 
 		-8.09348292697286808561		 
 		-8.09348292697286808561		 
 		-8.09348292697286808561		 
 		-8.09348292697286808561		 
 		-8.09431115782688692661		 
 		-8.09431115782688692661		 
 		-8.09431115782688692661		 
 		-8.09431115782688692661		 
 		-8.09431115782688692661		 
 		-8.09431115782688692661		 
 		-8.09431115782688692661		 
 		-8.09431115782688692661		 
 		-8.09431115782688692661		 
 		-8.09480740186766922761		 
 		-8.09480740186766922761		 
 		-8.09480740186766922761		 
 		-8.09480740186766922761		 
 		-8.09480740186766922761		 
 		-8.09480740186766922761		 
 		-8.09480740186766922761		 
 		-8.09480740186766922761		 
 		-8.09480740186766922761		 
 		-8.09536910737394954651		 
 		-8.09536910737394954651		 
 		-8.09536910737394954651		 
 		-8.09536910737394954651		 
 		-8.09536910737394954651		 
 		-8.09536910737394954651		 
 		-8.09536910737394954651		 
 		-8.09536910737394954651		 
 		-8.09536910737394954651		 
 		-8.09283044602561218994		 
 		-8.09283044602561218994		 
 		-8.09283044602561218994		 
 		-8.09283044602561218994		 
 		-8.09283044602561218994		 
 		-8.09283044602561218994		 
 		-8.09283044602561218994		 
 		-8.09283044602561218994		 
 		-8.09283044602561218994		 
 		-8.10240672522549942869		 
 		-8.10240672522549942869		 
 		-8.10240672522549942869		 
 		-8.10240672522549942869		 
 		-8.10240672522549942869		 
 		-8.10240672522549942869		 
 		-8.10240672522549942869		 
 		-8.10240672522549942869		 
 		-8.10240672522549942869		 
 		-8.09308408253604305571		 
 		-8.09308408253604305571		 
 		-8.09308408253604305571		 
 		-8.09308408253604305571		 
 		-8.09308408253604305571		 
 		-8.09308408253604305571		 
 		-8.09308408253604305571		 
 		-8.09308408253604305571		 
 		-8.09308408253604305571		 
 		-8.09512734924628674094		 
 		-8.09512734924628674094		 
 		-8.09512734924628674094		 
 		-8.09512734924628674094		 
 		-8.09512734924628674094		 
 		-8.09512734924628674094		 
 		-8.09512734924628674094		 
 		-8.09512734924628674094		 
 		-8.09512734924628674094		 
 		-8.09596420968010654917		 
 		-8.09596420968010654917		 
 		-8.09596420968010654917		 
 		-8.09596420968010654917		 
 		-8.09596420968010654917		 
 		-8.09596420968010654917		 
 		-8.09596420968010654917		 
 		-8.09596420968010654917		 
 		-8.09596420968010654917		 
 		-8.09362677080230064064		 
 		-8.09362677080230064064		 
 		-8.09362677080230064064		 
 		-8.09362677080230064064		 
 		-8.09362677080230064064		 
 		-8.09362677080230064064		 
 		-8.09362677080230064064		 
 		-8.09362677080230064064		 
 		-8.09362677080230064064		 
 		-8.09346324963144425624		 
 		-8.09346324963144425624		 
 		-8.09346324963144425624		 
 		-8.09346324963144425624		 
 		-8.09346324963144425624		 
 		-8.09346324963144425624		 
 		-8.09346324963144425624		 
 		-8.09346324963144425624		 
 		-8.09346324963144425624		 
 		-7.47000010880166254168		 
 		-7.47000010880166254168		 
 		-7.47000010880166254168		 
 		-7.47000010880166254168		 
 		-7.47000010880166254168		 
 		-7.47000010880166254168		 
 		-7.47000010880166254168		 
 		-7.47000010880166254168		 
 		-7.47000010880166254168		 
 		-7.47000010522473090191		 
 		-7.47000010522473090191		 
 		-7.47000010522473090191		 
 		-7.47000010522473090191		 
 		-7.47000010522473090191		 
 		-7.47000010522473090191		 
 		-7.47000010522473090191		 
 		-7.47000010522473090191		 
 		-7.47000010522473090191		 
 		-7.47000011237858707602		 
 		-7.47000011237858707602		 
 		-7.47000011237858707602		 
 		-7.47000011237858707602		 
 		-7.47000011237858707602		 
 		-7.47000011237858707602		 
 		-7.47000011237858707602		 
 		-7.47000011237858707602		 
 		-7.47000011237858707602		 
 		-7.47000011416704978728		 
 		-7.47000011416704978728		 
 		-7.47000011416704978728		 
 		-7.47000011416704978728		 
 		-7.47000011416704978728		 
 		-7.47000011416704978728		 
 		-7.47000011416704978728		 
 		-7.47000011416704978728		 
 		-7.47000011416704978728		 
 		-7.47000011774398142705		 
 		-7.47000011774398142705		 
 		-7.47000011774398142705		 
 		-7.47000011774398142705		 
 		-7.47000011774398142705		 
 		-7.47000011774398142705		 
 		-7.47000011774398142705		 
 		-7.47000011774398142705		 
 		-7.47000011774398142705		 
 		-7.47000011774397520981		 
 		-7.47000011774397520981		 
 		-7.47000011774397520981		 
 		-7.47000011774397520981		 
 		-7.47000011774397520981		 
 		-7.47000011774397520981		 
 		-7.47000011774397520981		 
 		-7.47000011774397520981		 
 		-7.47000011774397520981		 
 		-7.47000011774398142705		 
 		-7.47000011774398142705		 
 		-7.47000011774398142705		 
 		-7.47000011774398142705		 
 		-7.47000011774398142705		 
 		-7.47000011774398142705		 
 		-7.47000011774398142705		 
 		-7.47000011774398142705		 
 		-7.47000011774398142705		 
 		-7.47000011774398142705		 
 		-7.47000011774398142705		 
 		-7.47000011774398142705		 
 		-7.47000011774398142705		 
 		-7.47000011774398142705		 
 		-7.47000011774398142705		 
 		-7.47000011774398142705		 
 		-7.47000011774398142705		 
 		-7.47000011774398142705		 
 		-7.47000011774398142705		 
 		-7.47000011774398142705		 
 		-7.47000011774398142705		 
 		-7.47000011774398142705		 
 		-7.47000011774398142705		 
 		-7.47000011774398142705		 
 		-7.47000011774398142705		 
 		-7.47000011774398142705		 
 		-7.47000011774398142705		 
 		-7.47000011774398142705		 
 		-7.47000011774398142705		 
 		-7.47000011774398142705		 
 		-7.47000011774398142705		 
 		-7.47000011774398142705		 
 		-7.47000011774398142705		 
 		-7.47000011774398142705		 
 		-7.47000011774398142705		 
 		-7.47000011774398142705		 
 		-7.47000011774398142705		 
 		-7.47000011774398142705		 
 		-7.47000011774398142705		 
 		-7.47000011774398142705		 
 		-7.47000011774398142705		 
 		-7.47000011774398142705		 
 		-7.47000011774398142705		 
 		-7.47000011774398142705		 
 		-7.47000011774398142705		 
 		-7.47000011774398142705		 
 		-7.47000011774398142705		 
 		-7.47000011774398142705		 
 		-7.47000011774398142705		 
 		-7.47000011774398142705		 
 		-7.47000011774398142705		 
 		-7.47000011774398142705		 
 		-7.47000011774398142705		 
 		-7.47000011774398142705		 
 		-7.47000011774397520981		 
 		-7.47000011774397520981		 
 		-7.47000011774397520981		 
 		-7.47000011774397520981		 
 		-7.47000011774397520981		 
 		-7.47000011774397520981		 
 		-7.47000011774397520981		 
 		-7.47000011774397520981		 
 		-7.47000011774397520981		 
 		-7.47115030769455668036		 
 		-7.47115030769455668036		 
 		-7.47115030769455668036		 
 		-7.47115030769455668036		 
 		-7.47115030769455668036		 
 		-7.47115030769455668036		 
 		-7.47115030769455668036		 
 		-7.47115030769455668036		 
 		-7.47115030769455668036		 
 		-7.47878244478163711761		 
 		-7.47878244478163711761		 
 		-7.47878244478163711761		 
 		-7.47878244478163711761		 
 		-7.47878244478163711761		 
 		-7.47878244478163711761		 
 		-7.47878244478163711761		 
 		-7.47878244478163711761		 
 		-7.47878244478163711761		 
 		-7.47031045330736276355		 
 		-7.47031045330736276355		 
 		-7.47031045330736276355		 
 		-7.47031045330736276355		 
 		-7.47031045330736276355		 
 		-7.47031045330736276355		 
 		-7.47031045330736276355		 
 		-7.47031045330736276355		 
 		-7.47031045330736276355		 
 		-7.47000006088527523929		 
 		-7.47000006088527523929		 
 		-7.47000006088527523929		 
 		-7.47000006088527523929		 
 		-7.47000006088527523929		 
 		-7.47000006088527523929		 
 		-7.47000006088527523929		 
 		-7.47000006088527523929		 
 		-7.47000006088527523929		 
 		-7.52230783188786222837		 
 		-7.52230783188786222837		 
 		-7.52230783188786222837		 
 		-7.52230783188786222837		 
 		-7.52230783188786222837		 
 		-7.52230783188786222837		 
 		-7.52230783188786222837		 
 		-7.52230783188786222837		 
 		-7.52230783188786222837		 
 		-7.48019265997963156423		 
 		-7.48019265997963156423		 
 		-7.48019265997963156423		 
 		-7.48019265997963156423		 
 		-7.48019265997963156423		 
 		-7.48019265997963156423		 
 		-7.48019265997963156423		 
 		-7.48019265997963156423		 
 		-7.48019265997963156423		 
 		-7.47000012227380594254		 
 		-7.47000012227380594254		 
 		-7.47000012227380594254		 
 		-7.47000012227380594254		 
 		-7.47000012227380594254		 
 		-7.47000012227380594254		 
 		-7.47000012227380594254		 
 		-7.47000012227380594254		 
 		-7.47000012227380594254		 
 		-7.47000012264329349421		 
 		-7.47000012264329349421		 
 		-7.47000012264329349421		 
 		-7.47000012264329349421		 
 		-7.47000012264329349421		 
 		-7.47000012264329349421		 
 		-7.47000012264329349421		 
 		-7.47000012264329349421		 
 		-7.47000012264329349421		 
 		-7.47002088593034407893		 
 		-7.47002088593034407893		 
 		-7.47002088593034407893		 
 		-7.47002088593034407893		 
 		-7.47002088593034407893		 
 		-7.47002088593034407893		 
 		-7.47002088593034407893		 
 		-7.47002088593034407893		 
 		-7.47002088593034407893		 
 		-7.47000012264329349421		 
 		-7.47000012264329349421		 
 		-7.47000012264329349421		 
 		-7.47000012264329349421		 
 		-7.47000012264329349421		 
 		-7.47000012264329349421		 
 		-7.47000012264329349421		 
 		-7.47000012264329349421		 
 		-7.47000012264329349421		 
 		-7.47000001318994399924		 
 		-7.47000001318994399924		 
 		-7.47000001318994399924		 
 		-7.47000001318994399924		 
 		-7.47000001318994399924		 
 		-7.47000001318994399924		 
 		-7.47000001318994399924		 
 		-7.47000001318994399924		 
 		-7.47000001318994399924		 
 		-7.47000001318994399924		 
 		-7.47000001318994399924		 
 		-7.47000001318994399924		 
 		-7.47000001318994399924		 
 		-7.47000001318994399924		 
 		-7.47000001318994399924		 
 		-7.47000001318994399924		 
 		-7.47000001318994399924		 
 		-7.47000001318994399924		 
 		-7.47000001318994399924		 
 		-7.47000001318994399924		 
 		-7.47000001318994399924		 
 		-7.47000001318994399924		 
 		-7.47000001318994399924		 
 		-7.47000001318994399924		 
 		-7.47000001318994399924		 
 		-7.47000001318994399924		 
 		-7.47000001318994399924		 
 		-7.47000001318994399924		 
 		-7.47000001318994399924		 
 		-7.47000001318994399924		 
 		-7.47000001318994399924		 
 		-7.47000001318994399924		 
 		-7.47000001318994399924		 
 		-7.47000001318994399924		 
 		-7.47000001318994399924		 
 		-7.47000001318994399924		 
 		-1.64946518453250745573		 
 		-1.64946518453250745573		 
 		-1.64946518453250745573		 
 		-1.64946518453250745573		 
 		-1.64946518453250745573		 
 		-1.64946518453250745573		 
 		-1.64946518453250745573		 
 		-1.64946518453250745573		 
 		-1.64946518453250745573		 
 		-1.64946518453250745573		 
 		-1.64946518453250745573		 
 		-1.64946518453250745573		 
 		-1.64946518453250745573		 
 		-1.64946518453250745573		 
 		-1.64946518453250745573		 
 		-1.64946518453250745573		 
 		-1.64946518453250745573		 
 		-1.64946518453250745573		 
 		-1.64946518453250745573		 
 		-1.64946518453250745573		 
 		-1.64946518453250745573		 
 		-1.64946518453250745573		 
 		-1.64946518453250745573		 
 		-1.64946518453250745573		 
 		-1.64946518453250745573		 
 		-1.64946518453250745573		 
 		-1.64946518453250745573		 
 		-1.64994897692396813582		 
 		-1.64994897692396813582		 
 		-1.64994897692396813582		 
 		-1.64994897692396813582		 
 		-1.64994897692396813582		 
 		-1.64994897692396813582		 
 		-1.64994897692396813582		 
 		-1.64994897692396813582		 
 		-1.64994897692396813582		 
