 		-1.64946518453250745573		 
 		-1.64946518453250745573		 
 		-1.64946518453250745573		 
 		-1.64946518453250745573		 
 		-1.64946518453250745573		 
 		-1.64946518453250745573		 
 		-1.64946518453250745573		 
 		-1.64946518453250745573		 
 		-1.64946518453250745573		 
 		-1.64946518453250745573		 
 		-1.64946518453250745573		 
 		-1.64946518453250745573		 
 		-1.64946518453250745573		 
 		-1.64946518453250745573		 
 		-1.64946518453250745573		 
 		-1.64946518453250745573		 
 		-1.64946518453250745573		 
 		-1.64946518453250745573		 
 		-1.64946518453250745573		 
 		-1.64946518453250745573		 
 		-1.64946518453250745573		 
 		-1.64994897692396813582		 
 		-1.64994897692396813582		 
 		-1.64994897692396813582		 
 		-1.64994897692396813582		 
 		-1.64994897692396813582		 
 		-1.64994897692396813582		 
 		-1.64994897692396813582		 
